32201
52635
66932
54490
23621
79463
19152
90992
23015
83086
6442
36244
48473
87108
79499
72961
76564
30049
59045
539
9794
98984
30935
52155
59969
45514
97228
24904
98176
23984
15405
86868
67347
24462
42015
8140
25492
22405
59728
79141
6514
97421
53055
20325
36466
62963
40914
63616
77491
83752
59823
20583
42629
82085
96718
33217
21700
14777
94520
78107
82235
94247
92815
99030
67681
19573
68896
24011
45092
71359
47468
54159
70320
79903
94024
12372
45929
10609
15688
97006
4599
33611
47412
14423
64160
94821
44239
85262
27744
8798
86439
10715
27884
81620
96906
12266
4605
54024
52644
16892
94066
16903
18524
6132
36284
5664
50262
62725
88060
84345
87287
11091
99088
97514
73507
48624
46835
78391
34869
72859
75333
83633
96266
36294
84920
36753
26275
88699
82997
81757
7767
91904
57964
98795
2939
87696
15086
41280
78139
58496
44558
81513
97202
43398
21510
75347
11627
30369
8113
48282
65431
26213
19155
79785
41558
10433
20636
82230
21212
99530
79389
61563
79728
6302
76578
95383
53126
292
94575
85811
33537
5554
251
76372
28300
93820
86431
52867
14783
9572
25125
95906
80586
34715
16326
81553
72749
78179
57237
92505
67059
32856
20068
78608
79107
82995
1785
90899
66820
26127
22220
11334
35793
22302
14744
59876
25961
42782
51484
47738
24001
67769
67446
11639
74405
83483
80976
45012
89976
95024
22633
74947
43055
2069
18752
680
85486
21643
97265
45304
92034
95532
86046
88656
87351
13790
60112
58284
19970
56449
55591
29966
26695
9498
68504
99289
65410
8428
4203
95624
2018
56773
922
71796
3493
47273
68279
33723
3549
14064
74390
4318
45516
6179
55704
28469
81722
78789
24288
60614
23370
22692
25041
33527
39432
92666
48252
33556
33565
19462
35269
77058
17439
1641
43285
35260
94609
14250
85162
40078
45511
26388
54734
5906
82059
51272
84450
20515
53793
40035
17567
86621
84140
43589
72253
79326
31731
67395
32363
10827
99020
34722
157
84086
78794
97332
86879
43875
62893
20443
33859
67472
93626
84209
15102
96981
67957
19134
51468
88159
8216
27736
79763
93530
1895
48648
92917
73849
29388
63959
3529
27214
81886
74335
41057
10788
26230
70647
27112
84726
64393
40575
57622
33350
6175
50095
92994
99930
28486
75271
11368
12596
15926
44203
2610
71283
54959
6627
82191
30145
4414
13029
14486
98933
16914
6644
85585
19290
43152
4314
70750
97310
92021
66741
23766
67641
70114
46413
87354
51799
55653
92987
45362
54116
52590
90932
11288
37682
71725
69773
55828
19603
88455
96967
80312
51363
26088
58688
16435
99531
64509
73704
56778
24172
4520
14058
20574
49185
20437
34969
1169
8546
19272
30392
74491
11426
67666
60369
46342
25982
95356
47902
47565
73378
48486
51147
8854
95054
86428
72402
41552
11426
29977
87823
87289
81949
36209
21190
49595
38532
70357
62102
17245
36755
68604
47282
330
58063
22475
68886
83696
65718
12345
90453
4174
16607
26139
83399
75686
53373
5203
25520
62756
48034
93417
89743
78568
31449
43102
92542
75216
46476
10774
7810
55624
33253
30656
10809
4773
1204
50816
50790
72579
17542
88706
75833
99080
39524
83648
70682
55810
52809
45504
96222
33328
44837
99346
69211
43338
78861
68713
68881
14961
29933
93669
37220
54944
4535
34828
70921
85950
15329
78626
74482
2557
54413
52941
45214
59328
17583
90662
39044
47800
72419
36732
22407
971
14551
74481
10787
33906
61445
67471
25912
32490
81934
35829
42645
23872
51485
20889
94545
4695
12727
84731
40480
74183
71022
93664
78915
91895
54131
9883
25755
88199
29668
21081
42541
93200
71262
36248
40392
30053
24041
37014
24505
47857
52714
41991
20622
18584
10295
21341
7842
96693
96117
34349
35073
87688
96251
48223
29949
20887
95565
18891
79775
51562
41716
37712
2822
60853
93287
49445
52610
15236
80496
64491
80653
75712
60226
92622
21469
29031
73042
60331
81600
32790
2040
29061
92081
95318
86007
54853
96948
23038
6299
19505
34488
5149
57239
72942
6141
15001
39168
59769
25296
60849
68731
92605
16196
31626
53695
59361
27461
3629
26753
917
47845
35234
37291
46984
49521
12655
45631
7503
74845
38433
52497
29571
8937
60991
30003
75503
18472
87283
86481
6468
89862
13272
35034
20750
64058
9435
12864
60455
41622
26646
27392
93319
96284
5381
71660
99253
67858
10254
23421
93486
69369
31664
84923
86862
8352
39159
83668
55205
1623
78192
40888
40177
17148
20285
11055
34572
199
16540
82926
40086
99791
85176
65880
48199
11041
59178
33286
3555
89331
30749
7644
8218
63862
92994
37098
58197
28349
48171
12398
24899
25767
57658
58831
63430
85758
87214
76170
75999
94326
37087
99053
51318
27328
83334
93695
84193
65783
36723
75821
49174
5873
80112
65873
70873
70547
32669
76314
24153
83186
52857
6222
52027
4142
58027
14319
42132
26344
2450
62440
23826
83007
57286
9229
52243
31696
56326
80889
80528
99299
52905
92413
91625
72350
63223
19025
45654
91785
87958
92883
53088
10900
52017
92812
41468
30865
47025
47176
69301
69015
51562
57849
63333
74283
51994
66167
48586
70882
13630
39177
14220
51779
95786
24853
30281
60443
14596
79677
40918
39001
68664
50347
38386
9566
9352
12926
30989
64474
67760
21378
84670
9149
11588
11513
47736
95055
29079
17342
20355
97056
70439
74771
78154
48780
78662
1308
15113
27164
62531
81025
16268
67348
6258
30300
350
1215
19462
53767
64931
39068
35178
84112
3122
92251
54507
5071
40191
84273
77116
35225
31363
97254
59321
43862
68561
93892
72192
89605
30903
8043
97812
3824
1942
86735
5110
17321
2891
81287
11162
46521
75592
75312
52411
81287
61877
86327
71649
85903
94273
73591
61117
30839
50047
27305
49661
19013
8027
62395
61739
6457
29023
29857
22863
56888
41255
31353
82169
16387
87141
37185
2180
58903
73110
30595
59632
56051
44843
78033
81984
82233
22243
86289
95332
57312
46925
66973
53776
74637
37074
86096
9294
40495
19548
4705
17498
45735
52449
95523
40032
30524
4158
55262
98761
57087
71411
2213
57729
19452
67672
93609
74170
29993
80411
79505
84213
42733
34524
65550
9962
74282
77576
7531
79312
1045
27890
61684
39354
68405
13097
13897
3602
49319
38001
51460
78074
66981
87527
38244
85901
44711
9244
34324
6965
43464
11925
79301
60083
40042
20491
74764
11211
86898
85561
65750
52947
96627
75949
97716
29196
9726
62858
89323
6355
53775
90007
24851
91992
28951
1431
17232
55206
96279
79649
65250
65038
43252
566
35848
89119
48589
1600
99312
47914
38333
2685
16703
63758
72250
98512
81447
91031
89811
9047
76174
81852
19920
27968
53190
53457
87074
87308
31132
38611
3258
19557
14931
7249
20310
712
9695
96060
40101
8596
80607
8125
63546
41409
68022
51089
73303
61092
19741
30439
19983
26200
65394
87231
3474
83397
45117
15283
47376
82391
2045
61281
70468
60700
44655
18775
87754
9454
43447
71538
88816
85386
50930
81214
28440
68048
18306
78511
59946
2100
80153
25981
67567
692
18628
77058
54163
27699
3774
36913
55594
94411
48684
57709
6551
19326
37657
2846
96753
49247
63334
63848
17644
48202
41623
34596
75270
84179
58790
35425
65091
66605
55337
45275
2237
76063
93713
69775
42072
67596
64611
60054
5680
6534
15943
94404
36702
93220
74663
9114
30391
15459
81757
10698
38765
16304
8336
19364
59069
84031
1788
69983
68909
68348
71821
88989
39074
3409
55472
30487
25612
67882
60774
29156
84635
3280
58168
11110
32259
47218
97894
82049
9515
49676
5034
49631
84847
44639
6509
85933
67726
74349
10705
58040
65808
94627
91145
37331
34712
26954
55330
33292
37748
44175
83502
62509
54685
52600
26063
35485
58136
97226
87104
11851
86136
19738
60468
19232
63314
22190
4141
94435
96899
69539
62761
51262
57176
2733
63348
90007
12134
20836
76397
5304
91888
64602
44301
65340
66173
42524
94945
32246
18576
71023
27796
70499
87244
98854
71904
46069
34159
71912
74016
12522
22813
60895
36392
68209
81414
32240
5332
51952
89252
36055
23350
37300
20829
81800
19962
21534
75437
95127
53059
20789
27244
71894
75859
25875
41742
92261
64017
58322
30828
17278
55848
40222
46819
63875
82491
30993
28209
76091
83926
33933
37192
42993
42994
82520
47673
90496
49670
5444
78891
50369
70632
39032
18853
53227
85277
50918
85035
10517
26466
89152
68222
47010
21123
71974
80206
83128
90480
56953
99308
88969
93325
99345
11201
19125
83597
84251
28900
93338
78202
51246
42590
58573
79430
80458
46646
16816
21369
93592
78597
31572
45957
17692
49625
94773
65711
90181
21869
71019
2313
64545
16
92717
6135
89922
57044
71286
27830
99727
69629
1025
22018
91697
32314
75220
46562
9649
67580
40664
25328
63390
61758
96887
78355
67736
43011
75633
49720
16428
53414
93416
62381
57880
91024
13657
51230
49873
52437
89508
23414
75359
88985
21641
23962
77571
9554
54260
85377
74405
48211
56061
22601
81205
45691
38923
2786
3128
14361
38399
46910
81411
21565
11401
46312
76213
38644
64137
673
18657
23989
96688
57211
78071
17250
49968
74405
40117
72925
783
58181
88751
90255
75315
68217
97353
70814
81176
12189
52101
10871
48102
35512
14038
42597
42003
53793
77583
75328
47749
38927
45417
53586
66720
50415
51522
98849
44529
63955
95723
64517
62669
30203
13577
80217
58159
91155
46250
43184
48959
5398
57468
51948
48571
7785
75887
61176
43173
35474
75246
96174
96821
64788
25175
61856
12764
35164
23535
24900
16694
98503
26284
17221
16465
87583
48201
17899
21935
33820
84438
50848
7543
34398
26369
42350
81459
93468
5015
58934
74527
90346
55675
9055
88708
99548
67696
97880
5027
51721
67452
22994
67620
21350
26490
50456
79113
40247
35482
60988
59583
57988
39240
9352
51036
24398
88631
62422
38419
82824
80396
19295
30149
64600
50372
26347
42827
17229
28512
16916
19887
50321
12871
70213
66368
61443
83227
86192
7908
75913
63236
41212
57986
44026
99350
16538
51105
46322
58018
64310
10917
5274
59461
22202
71324
48156
92844
3019
70977
142
7628
61883
11734
18565
41101
9262
45117
69027
42984
89592
41170
2438
54513
62506
19587
39184
61309
86122
65249
33834
75242
96504
59210
64202
5999
14613
90860
90668
98889
18211
68598
80208
15214
7766
68284
1352
29477
39420
2925
90087
71421
82078
3338
68426
23139
8478
50760
96954
2614
32140
86846
6722
37769
37143
24900
11123
2673
47532
12565
26488
18402
54448
70137
24773
20993
60962
87223
46747
94221
18235
9706
21889
83196
75161
62412
93163
93166
90784
41062
97520
63852
93905
88054
66748
31364
61876
42438
78071
82865
57161
98679
81945
26854
76437
71685
16973
11940
78565
47432
62177
21254
4012
2733
84379
22434
64957
23525
62608
74731
31736
17956
11888
6469
15044
62635
24497
66393
3389
93408
59116
18523
9152
63881
37059
19555
27760
95034
6759
3476
45438
81222
14601
43352
78885
76266
59839
91172
3674
44314
66406
38351
79830
3339
51128
39204
86791
75475
11809
13802
47188
50579
8551
85156
88315
43653
12101
40131
65673
64824
94673
69923
16765
59131
29292
50514
3354
68536
27584
38778
2795
33325
62719
59074
27002
20765
38693
5813
12752
97854
32763
52285
83224
92956
56288
94859
72671
29445
55036
35231
64164
19708
25498
38850
49640
96482
21585
20698
74047
614
35850
18255
47890
73031
11006
13862
87860
49476
58153
67550
4959
6288
27378
67818
32060
42388
86698
23808
2843
34433
77842
73909
13499
92352
74614
83087
7826
23869
9433
30519
99179
17994
31765
12137
62004
14508
4394
10193
81950
42425
6999
23194
71291
87486
30272
57875
92329
57680
6789
7252
9784
97776
17855
39614
22771
61940
4755
55537
98416
27919
6036
63990
40042
27634
68370
86965
74522
15240
5813
17552
37993
76505
41858
60417
27433
54648
2618
26013
62080
16738
90757
50146
17080
2181
20735
1403
139
92151
89365
64
9753
48856
11776
54031
36389
43008
83151
43656
19115
43306
83353
77088
51866
89236
69259
33278
55918
57437
12180
68123
59322
78741
93457
81678
37161
55890
46910
37861
6899
66966
86825
82371
25875
5749
7799
89136
64728
87827
24028
84425
71496
58961
6897
18773
33385
13669
98279
27843
32921
87456
45485
42701
79970
21242
40741
31011
55399
30097
16869
80499
96097
45290
36757
52148
56481
981
51213
46117
81436
80122
68550
68090
33408
27754
96627
361
71843
74683
48293
23492
57610
19066
4939
19442
21481
44124
2400
4632
65007
76787
33736
34630
70957
43529
88328
26206
22203
54748
62292
32403
62455
52161
46406
52798
18906
77394
9292
52216
24614
40380
59168
80716
81804
93377
22888
77030
40350
17314
30667
12356
98580
46580
81110
4649
46386
33919
97132
89879
39426
70421
78157
17094
12390
15889
61036
5449
72659
52140
536
44086
34831
50184
80018
24626
17619
53020
52826
77580
20641
11297
85855
4889
24081
49935
33822
15874
71050
41757
6412
84987
80261
19413
12789
54193
62222
42073
68325
65914
32340
17439
4371
88209
16778
86580
77525
48396
66562
56483
87029
93365
81092
19552
69238
28129
84565
73268
93013
62454
82067
45161
34398
30901
45728
15548
63825
15418
37395
25824
62403
75546
84694
86912
45239
3201
6925
97646
88110
37501
72410
85426
49312
14567
54728
13046
3894
60708
50175
84659
69628
88954
49060
5871
83847
87179
83041
73469
42481
1229
22755
62107
11000
40738
94079
11483
8671
94180
74313
66036
21203
86919
85157
55511
90043
96640
95849
19831
76173
32681
11654
3116
65242
52735
56195
73449
26486
78823
3064
58060
20160
33456
55165
86881
14746
10303
74425
8574
20487
43245
4375
9713
86395
84139
63455
82709
3796
93548
15827
87206
91329
63209
97295
9799
89574
19638
96864
58265
84542
20630
84997
29847
91115
16253
45875
87747
31753
98276
40765
79740
22214
87275
99343
32928
28305
1940
16720
81103
89279
73486
69652
32937
62995
15858
66730
56950
36160
45365
97306
95107
13438
16160
24031
99856
58248
74527
18598
70142
38263
75708
50955
5520
52782
36087
64992
4054
63865
64367
81493
87634
2918
15761
68985
11055
50978
52059
66851
75257
49523
88924
51586
86388
969
45658
66301
6054
63243
99487
74679
53778
83342
46578
42839
13571
22531
64131
80155
26908
50866
62675
93084
71792
63871
9672
92189
97677
47174
12976
48878
6189
7675
43341
20618
49339
24121
64567
4551
7123
69785
58937
40811
64378
89687
27715
4292
56339
72921
55414
88524
86846
71903
39943
24391
86848
95839
79794
22517
91297
53469
68623
58879
50266
50609
68490
46102
40001
25960
93500
89449
57964
59580
73031
57123
91928
21863
28706
82104
36155
5379
35849
24756
91760
24451
62031
34285
67732
18949
33770
53499
44327
42049
13253
53653
1161
57
90545
13769
21196
81613
64291
30379
79420
65964
30560
27265
98871
82819
32462
64984
67132
97689
86361
85917
17619
43867
67119
25815
88577
34205
78369
21051
92189
40000
45122
15914
46327
19378
55961
91870
31318
14937
60908
54542
41088
5470
45335
25796
93890
34766
35413
84913
86487
68785
86367
46638
55688
27336
36034
57294
32938
64729
25192
86991
3243
43240
38189
39420
20841
14646
80938
79493
26858
40591
33666
52195
36781
31818
44828
12148
98531
41323
31924
53811
98791
93456
34563
23403
53633
98484
60225
18990
83343
98666
58931
66588
89745
73916
51298
97848
67281
5914
4954
79244
53827
55920
58055
45895
35119
34171
9857
23869
82507
23885
58762
91615
32805
71380
88199
9786
8676
14786
85787
22357
54421
61947
96149
28191
81659
67078
62450
62864
80519
46980
44867
92616
36368
52679
99983
42871
35401
88668
88284
19462
88627
36355
36483
59458
39904
67316
33782
18364
85717
41512
89172
52494
20127
82597
24822
91879
59770
29863
64235
68040
71720
46992
43349
35527
79017
66146
55247
80125
71397
45327
74385
20007
26501
66325
33729
18065
25464
36691
88287
14343
33296
44086
77146
39007
57807
92372
72488
53771
27857
8104
83101
5537
24432
20244
47741
41634
93005
956
80440
73757
12069
53656
46967
40389
67126
69164
25993
53802
48867
6756
66415
23078
41576
49891
34744
27634
69845
4342
77719
86645
93657
1475
52268
63292
62225
68847
95575
6257
18583
92094
25060
24508
56251
14529
2274
79639
97119
36757
71881
88643
66379
18686
4903
21100
41688
60023
63960
74540
85499
20107
71789
88663
23236
93795
80100
10593
1387
83674
78163
98279
73589
19735
35219
56772
81696
41907
66827
27047
47617
55104
30514
33088
32461
89076
20265
74971
96571
31168
21603
2202
4886
21034
20757
98476
20305
36397
1271
62455
34428
91681
78251
13445
58593
73601
15053
46643
83466
48131
39403
99781
93195
36913
26923
30395
89592
38700
56202
34160
73529
5129
14021
70219
62070
75961
93392
52554
98978
36742
36466
45299
40635
4371
92618
55936
76852
17069
74495
58859
74022
73621
91504
48440
91765
21822
9007
67973
94111
90362
8884
81605
80195
67111
88926
29299
77659
8032
51374
82632
80209
62499
47665
46723
11664
94104
59146
88824
44294
70987
53542
72522
64205
97342
60137
99907
13624
65580
78454
40248
66954
25418
58443
8616
27858
54861
65104
73524
15445
63319
78276
68820
65694
91863
78650
11523
25956
44780
36776
97660
62675
20182
23679
23123
36819
36361
17400
82852
6973
89018
15674
12079
29578
11126
15677
54790
4055
39049
18864
56802
29000
85621
73378
80974
92710
84721
6827
72341
18692
48613
73951
68844
28803
80793
77572
46771
1738
35320
71796
91497
37461
82251
66550
26427
47645
66197
39242
54567
76185
23859
7468
86907
25915
79974
68660
77054
46804
42705
30412
52098
29534
45058
64159
58360
15067
46829
83275
48784
33554
68906
53051
68735
67252
27367
19341
46748
19071
46951
33329
26513
45479
52259
96156
94832
41145
87043
42928
48829
12133
517
99966
59033
4907
19698
61963
92402
18092
8190
11360
815
82921
90458
21013
7278
70808
38732
19654
98548
60633
21911
57983
99853
9375
3898
6618
77274
48901
69326
17214
28023
3900
34445
36651
33037
68939
94017
63828
47554
65404
26938
28656
10880
35591
32514
43592
55021
31246
88878
24024
2412
67389
44380
88196
90221
42534
113
49658
1008
13079
84688
43501
48765
90975
83336
96914
48475
53806
87976
38338
76790
74904
72099
33143
33695
93255
47102
64261
76860
60306
51597
46027
60023
45301
14802
60634
59520
46249
46430
90502
68825
44359
62819
34475
80715
83436
79891
19904
52254
35600
95116
1214
43270
50539
47234
27507
95289
11236
54501
96965
95432
35852
72797
40701
61481
38660
83477
3463
76173
22702
37394
2226
7376
97473
69513
32431
12085
37624
52428
50258
13364
27197
12007
41260
65190
50383
2757
9484
98067
87294
65344
48283
91748
49464
95070
32973
71561
22118
72994
42054
99959
76427
43731
29551
98206
92890
93837
45796
81026
14803
15422
57665
58808
4243
83601
68234
23844
31537
75510
11097
35903
73992
5396
88879
57357
89110
10477
57912
2403
36539
60870
89967
64630
10374
50298
36937
83466
82455
43054
72300
56545
56960
28458
83264
71872
7679
89474
87505
65862
26835
9129
40024
46607
61896
6150
25966
71031
54852
72193
9095
82412
35924
43393
44486
53932
25455
93035
48433
53944
46664
84768
41388
88483
3210
54551
78943
45534
22131
17007
49678
99636
22972
92049
75567
27409
20845
43359
2734
4223
24331
65905
28614
10262
33958
89887
20620
13567
83971
29331
46416
14644
41040
33560
19198
42067
67741
51540
43396
7344
27207
80432
48899
37844
22515
9459
59440
43875
67825
17077
33087
82095
90300
44210
29612
80758
56153
31126
54524
13322
33930
65375
61563
92800
70590
35034
58595
89411
72851
33500
59668
69304
99963
95390
77015
43899
17006
90769
87747
24499
30447
76745
45741
66894
96244
64321
24343
96830
3948
38440
85913
36614
97016
30074
73413
61831
18869
56098
67254
87480
50864
70029
71023
34325
57408
63782
82132
94910
67194
85713
63751
65384
43378
30025
82875
57185
19634
94668
96556
6268
10690
61764
85463
34411
47586
23053
72288
69889
21976
15184
25030
60907
23514
266
73635
60417
5721
11415
9485
32462
82189
29432
29636
18235
74688
20529
93236
66991
47198
16227
42196
24200
59542
60986
76789
89099
84566
36612
86739
34354
91493
12242
72933
52010
60682
2843
41869
43112
56390
22457
51463
8219
85182
64094
24078
81258
32128
67228
59722
27056
29817
5297
22690
5748
72987
830
1365
62528
23476
84535
75851
69108
24675
75131
40968
69946
56498
77626
57552
71844
78659
50123
10601
24740
64764
33977
39017
95448
36907
95531
56971
17337
76890
59682
4537
86196
89552
67184
79022
59852
1478
79341
19635
71854
46605
82354
83543
10051
23125
54132
24759
54501
9675
87878
48397
79693
94696
97949
40984
39010
61812
5917
25620
27945
27563
58514
92218
64992
70594
54772
80394
89313
98603
97700
70366
99317
30488
38746
78135
82409
50433
28965
72322
82775
70771
2470
7662
89012
11285
24843
91500
91602
26200
40012
98039
95561
53720
91689
44291
88091
90135
18551
39457
68353
73738
35446
55898
11975
17511
49079
49205
55949
19814
58574
88576
32847
33594
42845
57174
25093
50851
3206
53707
45750
63271
88791
63113
58591
99660
74805
45596
38798
94455
90043
92274
31882
89507
3969
9037
35325
46571
95686
71500
62205
75637
35550
71788
67625
51435
65192
61966
10875
34515
19197
37239
86929
64843
93706
5081
84946
72332
97306
12314
42706
3483
10406
61494
29770
66300
56694
43339
29625
33808
21849
78521
55165
31706
91502
70112
27721
17002
95487
7155
34468
12838
34721
4283
75257
52804
5344
67038
95801
98887
24090
62992
49265
83372
28793
58722
65231
74055
42017
1325
94741
21852
32341
77066
12666
40676
82074
55222
73341
23593
77360
67943
76845
90151
77845
29867
68761
6123
86237
76966
60955
89655
47538
30737
9718
58856
29256
71793
2912
32779
4881
53665
74985
94162
12413
12616
80497
57655
91617
34581
70729
50122
93697
72207
21526
56146
86146
59113
5526
98925
89960
59108
87818
65051
40369
5085
74314
1603
67347
53809
11419
10281
52310
40561
18712
23695
92958
82683
77738
65229
49370
11106
14506
51656
6236
10833
95958
75330
9210
53571
72710
70143
66266
3986
42819
45773
65846
9933
53792
7327
38301
78893
90307
37807
23161
60448
97812
53136
53495
97831
63188
3463
81374
40296
49555
78854
44601
36162
58814
29536
9127
98983
92393
13776
81099
41276
44014
48323
97742
72938
57849
83025
28890
70410
26927
70477
20798
76698
28494
45787
13020
42822
21835
11379
90383
69246
88768
25970
54431
63964
1171
29684
51118
24255
98200
39317
86500
76530
56708
81885
16434
49488
55393
80557
39982
80163
74572
10964
13368
79078
58055
67903
7667
13027
16515
66305
77148
81014
23392
11852
52507
18043
93892
33777
71766
28164
31906
4634
72209
87610
83976
44267
19989
46609
29352
63532
87428
41278
71396
10220
94674
77804
12601
75352
5908
33267
22016
38091
7740
31895
62168
5485
53138
44856
29377
98390
55596
21616
8790
11817
48256
69937
38754
25758
95101
13787
47914
61058
83674
52983
78876
35870
9617
13172
17177
74703
5442
18539
27869
38498
6148
93815
96894
40314
25441
78491
91129
75132
17232
30962
7935
65812
32487
59579
61964
24736
39049
86843
80251
92120
85353
60958
54416
54756
53018
26297
95868
39965
27678
54673
92948
37057
93747
70291
5668
54441
73043
98439
316
16610
22658
72781
43825
52712
45048
13064
3383
50038
51208
92441
35654
18598
38287
35748
53145
45190
39398
42137
87296
99143
82622
51163
47454
62558
38013
70877
72065
62196
53910
7522
51693
40609
86526
63641
69462
12572
17132
1704
9708
39953
22914
45829
88757
35237
19019
74349
98769
57998
17146
60478
15042
30905
11143
1173
33987
71494
25326
81267
14699
74170
40999
41186
96128
43685
40747
95044
32072
74646
66285
40572
28057
37693
32428
47342
76228
36792
62406
12216
43539
63663
72108
14066
45050
93431
92480
20787
29466
85352
29653
97968
87245
35865
87005
35538
98954
81728
49701
45071
94489
23975
42277
24122
91713
76573
32420
77348
98477
63800
24944
97194
9087
13110
37728
51035
2062
26932
96136
2696
51205
19959
65577
46719
44993
68317
53327
92192
50688
96890
48387
94500
87091
17334
17727
19564
21385
47985
22353
68476
61010
15131
22310
65666
60408
32458
88880
74135
98136
35969
33476
72022
85592
47004
93866
74529
58397
95557
79129
23395
23246
40227
26660
1587
15412
30444
10103
91753
95382
18164
29649
54076
4579
27659
41685
36073
97649
99911
86311
12534
79436
79191
94055
14718
63413
76365
8907
40086
23467
43197
61166
25828
68855
98957
45230
20782
88470
20723
50253
29963
22355
97127
78752
79972
6319
79399
67443
57933
5319
57792
76880
58485
9245
66594
43958
44054
46172
11942
38173
39047
21536
70016
68285
52185
56997
3821
85220
5621
82428
20902
47603
76925
49658
56348
90179
82309
439
14082
8398
84013
8922
50974
34767
65674
66317
2681
16582
2261
54999
1175
74610
76527
82550
11206
8426
52339
28841
26567
22975
2498
94178
61821
75504
84416
10189
99955
8827
52897
76415
61649
43615
32089
3544
54159
30124
70562
35249
2610
85867
54316
87239
82959
50621
81252
46291
71076
94375
38452
47921
37839
53467
73871
91107
5899
89834
47100
75469
50350
55485
66362
93853
63684
25845
93350
57559
42521
72983
28390
81081
37864
17089
26231
40699
68659
15259
11219
11199
94251
38124
39113
5579
70375
4976
38575
8181
69744
40981
97644
64325
83023
95092
84898
47125
19505
60462
23554
57113
57271
23693
3770
98093
65984
57370
10056
20749
27236
33172
22447
90640
78615
35900
81218
12226
16372
60782
23478
58708
87269
85168
87815
1539
75338
64065
98058
42772
32191
79106
21193
8197
91704
54105
53928
70558
34354
41020
39595
13004
94920
17825
80945
36572
18533
7003
85709
47122
13873
72671
30752
58723
36983
64846
69844
72102
35877
2230
22754
1919
59312
67283
88558
48129
11978
14250
98936
24509
81972
10659
77872
75352
21186
10473
63788
69444
4223
51243
83006
68334
78355
50935
28899
59520
48353
62470
71213
26857
84261
81825
34681
32124
18265
37676
53692
27636
29267
32815
24593
4283
8067
61200
65149
3214
94799
55400
37536
26510
1058
400
67879
84634
19224
54419
23563
8376
38384
29038
99776
49507
43037
72078
40248
147
75978
45748
57086
83510
56780
36151
40176
71408
26649
78722
60267
17155
85785
25684
64720
92952
24933
44703
25799
83861
13946
50047
12899
63845
14112
45316
89251
229
33039
75086
61245
35988
20951
65002
27235
49051
98314
54025
69729
64906
60223
96471
57984
40501
94152
6408
22590
12699
64317
6823
24573
98334
46278
56387
86200
25931
32848
93240
69398
11464
46900
39946
38368
51563
17477
24278
96203
20783
98449
15668
94638
70908
74973
60892
23637
17474
92062
72398
69693
7704
22725
76551
35911
26215
50512
62911
89709
64564
78801
1304
16203
5073
84627
58264
18006
20276
58102
6421
23023
69873
10204
1807
14250
48648
12185
53665
23360
85386
32749
68726
33868
60449
23547
61693
88738
70348
4034
12153
1051
54566
34568
31639
41981
97144
99465
89565
86280
16708
42886
3360
59372
85641
49374
99819
97500
20918
62301
87263
14030
96846
39550
4323
31814
10075
67435
55753
81525
22933
69526
47658
16242
45949
5369
68457
35304
78564
59826
17106
49183
22619
67385
6651
42499
29389
9353
48227
11075
23728
64193
67820
8047
16771
98122
4204
15015
30245
99825
31905
29708
43711
8039
63346
47182
95227
87118
13423
80271
80916
64514
18936
61091
45194
38080
91410
29461
32899
61824
2424
721
19208
44678
57797
58740
1705
39611
99470
47826
1165
53442
5059
78739
27920
87397
5471
14580
4038
59468
47271
42271
95930
67955
30158
59213
45256
6728
62852
78691
6711
74743
82116
68421
97400
31183
10500
99033
50242
4605
45477
55616
87647
65596
79106
27474
59454
40196
33171
57797
32609
76830
25422
73430
14552
60153
4791
51252
14520
98583
13483
94976
76758
20779
41114
26421
71326
36638
81338
96737
76897
6437
64337
99433
13991
91654
54623
30333
88849
2684
99758
5060
73557
5055
46082
29881
49321
8685
53868
37246
26391
59247
84513
51658
91121
50500
78857
66868
24482
52684
56147
22816
58857
36433
80899
26171
12492
25989
59438
22897
5529
74458
62403
11835
98824
8423
21419
71703
74696
11232
77100
62640
82769
44092
70345
17649
21924
12679
8311
63491
12797
87755
5850
36164
46536
76942
46202
37123
24155
19910
17388
23331
49247
30971
31716
51933
96844
72677
52833
82697
29080
7153
92171
13249
75584
93506
40046
14765
66088
63249
4246
99813
17678
95946
10100
17774
68607
26238
65299
21882
62221
84295
47548
54786
93844
53768
13393
51798
12375
18411
20805
49247
59845
25613
34410
5643
95583
92601
60579
53029
36895
31436
71035
60905
15664
17574
5653
53300
20871
13941
83326
70605
7377
30951
20475
44785
59605
37385
19405
21816
80113
88248
2390
47677
42444
54999
39968
92064
61536
4457
22191
76006
65658
12269
84987
30785
13260
86642
39121
76269
48114
60093
30927
98433
35085
50199
41869
28894
5137
89625
46037
58198
73195
38763
72916
48647
29046
23357
18461
60664
77606
13589
91764
16414
91750
7319
4947
95108
45964
89690
31524
72962
98263
43135
73702
20020
57320
3956
12592
92244
13129
11074
86926
71910
58419
63993
2810
26895
39353
36339
1739
89902
68181
78457
98663
34524
68328
14513
6683
27765
45252
46761
82930
15447
58101
73075
59934
30060
65061
52895
91326
25089
10765
26217
47535
66532
26662
19853
57994
27757
4509
78051
55754
9624
87951
41621
4780
19806
44472
39177
51691
42807
97273
84826
46991
66367
28144
71479
13809
85343
4058
72750
61834
86457
45013
76649
79137
41964
30921
32131
7862
48474
56518
78925
23255
67200
91006
73305
27495
16479
68294
40127
85587
25883
1204
48519
27816
25938
79225
81167
38387
55182
6044
72651
23698
31759
16217
69297
64611
11301
62484
62816
88885
12341
31315
3216
86288
18347
61570
79790
75361
54838
43984
97330
17049
63930
87162
35950
85252
96493
48833
53198
62739
49753
93743
52679
42430
83867
55227
91496
50983
21709
8694
16193
53994
5478
51242
73246
94568
97987
62230
9468
64368
99434
5806
83549
11198
8714
55601
59767
44597
80266
84044
68117
62468
9286
77
39131
18598
78635
60786
2421
63120
70074
28807
53651
46144
27790
43335
11571
12687
13916
41381
87265
34263
39365
88830
63304
43947
10194
41480
33715
28265
95459
46899
70716
37664
40576
53725
44708
5400
12111
54648
15933
37201
59808
46348
94293
70626
52154
37405
83408
65379
44030
47080
30680
38884
96779
33854
23102
20456
36772
95183
8404
37155
27070
74155
67661
23174
58090
15987
5567
74064
98627
6170
576
59267
25448
50063
74454
93017
94536
92678
91792
72788
58072
68336
84234
48379
16218
31831
40885
6722
30622
24252
68628
16927
46244
78778
10130
85652
78686
71118
12535
36167
31837
9343
66752
37860
46503
71413
13435
46715
59399
30085
25920
44094
3391
35615
79082
58734
89921
19281
6956
26258
75102
98844
43441
74375
37541
83648
13023
46670
39932
88801
14330
23417
80142
55625
40951
48728
1584
46374
1875
44805
18396
94169
47323
536
98332
24533
13536
10629
99695
51396
95731
59405
64162
86277
61065
32993
65902
92376
318
62855
58389
66765
6782
70597
15755
2502
63952
47766
94663
30354
57149
43546
17406
62150
7862
80932
51521
42904
76042
13007
70111
2394
46975
88536
93070
54924
59254
93864
94559
7958
82825
9207
46055
39019
86415
51631
87386
76726
84781
95829
60581
65770
15965
69340
94246
52185
41998
2011
78414
80132
81471
22997
16333
87310
92743
55994
19789
18246
77527
60830
43248
70087
53206
86705
47528
47942
97490
78386
75734
56231
93545
74794
58123
80213
52426
4341
86429
77635
94289
40885
12925
57242
15450
14427
26486
59828
92873
58745
46276
30421
31841
69140
99199
23950
52581
90494
12564
29259
21811
46304
54694
63612
26276
22182
86586
6677
64873
36120
34884
88402
69565
42153
23956
36641
47904
86005
54636
38778
60219
87700
55068
38745
32110
45313
24389
24405
75595
34173
27632
61932
91777
57169
55824
47984
86190
49313
30965
93267
27840
19809
94955
56753
23860
57873
60855
89688
45183
62557
76045
66575
35857
73785
69040
34110
91236
15948
31501
80962
97793
62181
31081
30700
8487
72951
96625
12396
86329
75972
50451
98591
55039
61369
10938
40410
92745
98315
14884
74236
84458
34701
79222
13038
58128
61057
26075
17991
88129
21713
56748
70242
17812
50002
95474
65659
88727
64255
48265
50908
61248
48459
3359
69211
12105
77454
11536
74487
62846
28630
41365
92921
1063
57264
96504
63091
82958
18043
72571
47430
46876
78633
24266
64615
19223
80209
80779
5036
65894
45279
51682
28490
50049
63975
12988
35999
31342
10010
932
80673
49521
51587
55145
59498
80347
63827
69178
60547
53498
32382
82700
70684
91683
835
4032
82615
24192
38743
49987
31896
96675
6499
8592
17567
76947
12875
42871
37088
44276
60505
31749
72948
17110
91898
97909
95289
23488
64767
84267
55395
11031
20231
51538
33512
62579
80997
36807
49214
59943
30372
11807
92598
60022
69035
83998
43021
42994
37577
82550
67472
20956
32089
16270
92993
633
9752
53573
99785
2925
8743
59126
59424
54475
94592
20865
76443
54961
75080
54987
95950
76068
93657
77144
13904
48697
39151
12925
48075
7899
54887
52294
85910
82216
16795
34439
78941
3961
58544
32878
52827
27423
37021
46288
51200
71245
52382
38122
65430
48169
7555
88060
67913
82590
86600
91403
27298
54945
2366
44295
61481
96826
5498
91885
48038
56448
73216
77207
37680
60152
41924
72481
96416
42201
2159
68526
39046
47368
25944
42658
96315
1028
47494
99905
343
66826
84380
3319
95616
25392
7141
23995
1595
14249
71397
56000
21925
45135
98250
94751
98029
75175
442
5278
6244
35074
91644
25712
80430
18074
52356
79929
29000
59707
47980
60453
49332
5592
91542
81211
72067
69896
81591
12288
53011
17928
70886
82167
70804
46159
46600
93910
49118
31192
44629
21139
586
42216
93660
65269
75182
58668
22889
77541
73035
27211
94995
41887
66268
10944
6668
16332
53593
17038
22684
28132
93583
88153
52266
88315
64188
9477
54907
34271
71473
58446
30810
97808
15078
26840
59866
7115
11931
26273
6028
13399
47007
4049
39252
25800
22933
28998
15898
59860
39490
30267
40317
32079
8508
16496
27555
12432
89949
5344
1081
65704
3761
88618
6067
14589
96400
97186
26809
39428
51077
99552
4400
27320
11010
9284
81125
89534
48901
26466
65382
35189
93579
95046
94780
41206
18128
98730
89299
98581
99284
47433
17166
6587
25191
40323
9637
58389
97982
24663
29399
25747
2189
76469
8782
39938
25867
12996
21069
99223
35371
38021
63531
63483
39962
65891
72125
8714
93837
64861
96460
97669
7886
28227
40143
3644
82386
97813
2128
70686
99647
22736
91552
24237
97067
39634
33000
17109
86263
54842
15338
5132
77661
90076
63210
61262
83902
53683
66624
59299
68198
923
64551
33120
28203
31730
17860
73961
36325
5138
57551
28053
10867
50383
99576
12635
46469
39294
66415
327
32891
55016
22450
38995
49522
91327
20008
17810
65017
78881
19741
28703
31189
42828
2487
98723
58184
58431
96034
65336
21774
59038
80783
81125
97290
87285
94264
27277
90499
50574
14793
44607
87267
66296
26408
13182
78472
25556
83597
36875
11721
49
8944
57444
85396
28848
96863
68038
47895
852
54450
88037
43260
1079
78553
73852
74232
41325
41704
62236
97063
92730
27311
14442
64087
75134
41435
64893
16420
89305
20251
32628
74833
59158
53615
21725
50093
23338
95728
68441
90421
26225
79381
89646
96123
26755
1347
86188
87743
52556
38949
37147
83851
21360
39812
18991
72738
94502
93357
10262
87412
31970
51618
58589
80601
21822
13203
84101
47464
56827
23758
50893
45597
73262
71815
70837
13348
37664
18318
37332
73786
55247
77149
63864
50356
83103
48776
53473
19346
34623
48987
55591
29981
85465
81028
58450
74607
20792
9045
74301
13551
17246
38724
30915
28797
88056
91549
10588
49545
68974
5642
35073
76183
56024
36476
32165
54820
87754
8233
97497
73046
59730
64754
12840
7840
68167
20911
60131
92234
13364
96230
92556
28619
44017
23780
56539
16523
46234
35066
62300
91554
38187
3927
50372
28981
13913
79407
73956
48988
48863
3630
86852
12558
11547
1254
53821
52491
25883
23075
60630
67144
31418
18354
36181
72744
13085
6454
32166
32244
79937
15641
8586
52688
45933
5943
34858
55803
14382
83858
93926
88759
46954
11142
43370
9734
9377
79998
17072
42762
69959
4047
90639
23159
74436
95156
60135
19832
67746
77627
15896
7459
47241
41712
69051
33221
95043
34164
66625
5603
66396
98018
38109
42025
29148
71871
20189
20275
74984
26447
63366
33087
89382
89404
62284
75889
25001
85426
78251
50777
45807
15025
88056
36755
67962
86466
41517
5242
42091
10148
14690
75213
13372
11468
76366
71941
65938
48614
94010
2564
74966
39860
44848
41299
14260
82809
18077
57837
79427
93162
8219
9617
55912
15848
59795
51370
9961
1354
74063
42682
30353
14946
78183
64835
11756
88153
19714
77913
13038
90343
9951
76387
91415
75686
75810
5947
70177
46757
22494
85152
68388
83680
25814
48929
1929
5073
19300
97524
51672
24995
61979
64584
74550
51328
72211
60020
61676
80013
29542
26107
63094
40164
44799
89084
83211
31831
18201
80225
40038
53848
81193
63204
78859
88910
74293
46672
89131
29254
62905
6683
68853
22189
26241
88042
28363
45366
1836
40086
3475
15790
44270
90163
17214
96387
22058
28224
38881
36730
65717
70097
86871
39074
57486
97823
43802
98775
85724
85640
77035
25538
70888
32421
17107
22858
57253
40904
13922
56756
60720
37844
29995
78114
76750
24247
9578
91029
45989
82472
66852
46068
7791
52401
63537
92808
19811
29778
64703
28417
44240
29587
59642
16196
63051
77936
44901
11848
73055
94355
39133
81153
14301
82125
76010
27873
40102
8757
62324
33238
88244
52772
52786
3251
18787
30967
17747
18486
68884
24299
3046
27475
76201
85505
12516
31132
78201
13798
15063
98813
79345
97730
17974
51633
43339
85699
31766
25665
76391
35663
52706
11054
67453
31464
40172
91468
76801
56390
97409
32083
60189
26415
42963
48756
91308
11657
4951
28796
69609
44877
49671
26304
93693
63511
53892
90514
34798
1152
59912
33088
99200
92081
42095
33221
71592
91992
60021
44736
45332
21047
54331
21810
16389
82979
38624
52930
54766
69217
60324
31681
80747
2970
56056
31513
85991
26402
17361
3942
77571
49658
56670
75648
96478
64320
32883
68107
84319
9742
77163
99316
51635
60214
83464
48561
90545
27860
9914
10714
24886
961
35747
65580
40828
28231
52340
96230
36024
10582
47229
45190
74630
56079
67164
95673
64377
78683
25332
52068
50096
70516
68611
45024
92054
61007
80045
20533
19506
7495
40968
58130
16487
6646
79055
76610
13910
91089
34820
68247
11980
36653
32082
73737
62513
31972
24685
95556
93049
87790
84183
11862
2528
57846
60617
54370
32350
90723
73526
79820
48185
31807
76724
28528
69613
89098
28703
67983
77023
90554
81763
73287
43863
57085
40088
13443
38433
94874
82511
60081
36321
84488
27483
31715
23312
29105
55602
58641
46029
24685
44260
23186
17563
54999
20061
80172
59928
3553
4123
73414
3269
56701
18532
2494
6027
10895
67999
45442
17758
47174
15936
37475
8212
13444
43498
63696
4323
45008
5216
40507
33495
70062
21954
52338
46294
58576
55724
88863
37023
59915
53514
34879
90751
9096
56811
79619
65956
24988
25688
12416
61106
10160
40882
98854
8748
6784
14974
4118
11501
56364
75849
14920
98337
63615
39918
33207
34747
66194
56200
47450
55171
79136
8419
57842
93660
81056
46724
99115
56632
63878
97740
79334
19319
92799
79401
23335
29179
23100
43589
39510
43601
51605
77361
80658
84066
38593
36542
27135
69177
23604
44872
99762
68788
78237
57245
81970
1740
83040
5193
27692
60059
15858
47486
47623
58624
96514
95600
5537
84214
16583
4027
11646
22604
16690
3848
3565
1774
27760
73776
55067
44514
19588
29937
33028
19005
97978
10546
41081
35553
97430
21594
46139
17907
15897
79450
27742
4119
29738
22034
87552
42992
31004
42921
52594
19576
33226
77158
52098
74388
53680
80196
73980
9263
50126
83177
40470
85920
14457
28617
60645
85967
54518
69984
86783
94988
57888
93739
6706
37239
76106
99446
72035
5725
86224
12074
13509
76667
77343
13451
85779
20820
58447
66692
81873
17234
47613
36875
67781
32719
38979
41822
89661
1120
61388
1584
88474
61020
56138
57606
61688
39487
70451
14858
98282
54233
8160
68254
23039
38052
69668
63803
8577
1006
42838
39825
27520
87825
88110
69548
47374
21013
25957
73986
98260
34283
9784
70914
44337
84639
23599
52489
20528
19736
51762
46291
50368
43588
68409
27639
9074
79359
13835
29728
63051
75175
33244
88654
58282
21563
74064
648
72910
86589
10231
40675
13529
96465
16598
63998
44448
37245
23917
38399
14452
17179
43274
88840
49244
96547
89456
83931
19415
60470
60474
68015
7177
96229
10935
23084
1039
21130
12632
22773
10575
22951
79578
33939
9505
11087
32761
53903
26990
4410
83190
71828
55441
75435
15276
45871
31901
44403
39410
61735
32107
90133
81232
12439
26115
42216
33497
17300
85530
93514
62959
23318
24612
1143
27824
91500
37600
9335
79335
38156
63785
35552
56940
15004
77279
88646
12573
31741
80952
65063
91183
56636
81719
50897
90666
20442
41719
67139
7824
67289
77589
15461
68373
33476
41451
59872
47215
54297
47611
23776
8271
22565
65068
