33939
33666
40404
33295
98135
95645
50792
42480
3628
52723
96655
43027
77691
57414
72221
91047
18571
34981
38512
52250
35624
56829
23065
83892
49274
74076
43501
14182
19757
99947
44270
3717
94078
18415
69631
79132
97155
55759
70674
11255
78234
61022
19567
73453
37491
54550
70156
98755
36845
17397
47188
98926
22006
99582
76452
77109
10601
56511
84021
24059
52144
36609
22723
3680
8452
92937
48949
59275
87783
93089
93891
62812
64307
27256
74015
74602
37262
49611
46401
94723
3919
44745
77337
2359
52758
45344
81711
94496
41963
92522
68530
40644
71738
46615
59111
41625
38299
15886
65000
44553
5601
10880
10971
43756
23505
84376
34619
94749
25566
1850
39846
60990
10109
89297
20139
7398
59272
20363
50922
63108
11225
54453
17312
95261
24558
53247
91074
17691
68144
32390
36302
21375
84610
1848
89122
93039
33773
33580
78853
68382
10724
86961
68929
40112
52675
7540
30534
82440
26476
51713
82353
17935
64964
1892
33328
51147
93568
15710
19198
70257
93301
16927
26604
93176
65547
18470
76380
8261
174
27100
73624
25691
41509
82540
52383
24263
85523
77199
42585
17017
22713
8633
91215
16431
50037
18367
56411
82717
68519
37974
99470
18063
14382
8595
75080
93797
60356
75753
74565
34204
31160
22273
82265
99375
78089
56661
76425
82424
49508
9064
65624
16368
73124
2180
47544
84668
25712
10173
43138
47179
62059
93662
39741
62199
27629
55560
11309
32914
7459
58586
63906
9769
2634
8380
85857
440
26367
91839
38342
93375
41942
73986
33209
59455
72350
83101
44938
12202
61051
90412
68085
50183
32614
27385
72145
37498
82531
20066
71745
22528
45351
43511
74964
90922
45157
55854
13734
64743
16323
47104
58300
33872
71831
49762
5237
88072
60453
80285
89849
44528
10621
99107
71862
17047
90501
13723
77154
75248
36235
48359
17908
6301
20094
15814
48023
98430
99022
42286
14297
16496
69366
80195
95878
13947
32111
34212
78351
82852
22147
84073
77045
2245
30217
27217
11906
46244
71648
57916
421
31434
78699
38485
28508
67963
29195
51998
13778
56017
1738
6806
89049
18166
65988
73352
75161
30426
3228
57915
84936
56288
35371
94302
53101
52162
71314
15663
76084
92876
3907
1779
26782
41106
41865
82863
37796
30881
51686
27915
84751
80113
20434
22334
81113
15340
95023
58878
36257
56864
52055
81479
43016
13732
72980
44132
96062
84397
85384
76345
96649
13532
75913
20901
52109
99959
80024
47943
76301
83124
35556
44280
78739
75313
73164
4822
35853
13036
13189
37761
57139
12435
79405
19220
40821
22428
58762
13050
68125
97732
86800
53399
45496
75341
31265
71219
4199
99533
70225
81153
35316
47079
82576
53133
21308
7775
2739
67703
40568
68157
8279
83025
71207
47623
19206
84213
34126
56693
80080
29680
41196
66973
79818
78569
96323
82156
98783
3398
44047
1944
623
36319
42811
32036
2444
10059
29858
26272
97912
33045
19688
91059
72482
99968
89452
3774
82192
97873
56134
47051
37093
47506
19453
40544
39956
68342
67261
4007
56809
39151
8991
99340
23655
38623
67534
71959
40214
39171
45178
9147
54354
7854
58780
47034
9992
50137
94491
79849
89116
92548
99964
909
47264
96996
64851
53116
16866
2267
92079
34101
42797
25851
69462
58760
24054
20348
67404
33858
32433
17493
63560
43020
52695
46986
92696
29239
88725
72419
30552
89819
73851
87411
14891
64261
39187
8081
52076
26659
73771
14417
55093
37946
47091
11076
66349
28503
38391
20
22979
89644
82733
60632
47416
71622
28987
56943
48214
277
4299
35612
64390
44447
71715
2260
60250
55386
10960
5201
19573
15972
68271
40744
60086
18015
62400
25613
95929
41618
80637
64193
90847
88705
49439
40908
7086
13219
39995
43268
35273
82244
59867
51798
22360
38159
50026
10645
66231
44831
50826
10963
17543
33189
80447
7007
21372
41988
545
29400
9222
3374
61013
6595
19640
40105
44764
75685
95007
30807
95174
47031
15391
67691
69928
37329
56105
16473
18384
21927
67988
51754
59382
51098
90792
69674
46649
57658
8258
42432
19535
65097
12673
10594
34045
31899
21230
53271
32157
82254
93394
74341
15638
35424
49656
3795
95571
49851
63261
43118
50901
4898
23604
78617
61411
57468
43991
9915
15803
49966
93456
87106
67427
52575
11271
30077
34357
4796
33645
38029
16098
2833
84316
36129
28532
93647
36116
23958
1441
86997
74102
96797
94396
65140
91530
14637
41492
34055
49182
76577
87907
11314
37468
82190
88798
6288
6914
63062
24152
19579
69437
90774
16206
25232
27019
48068
20582
87474
50085
67764
21351
20033
8474
28806
75864
96658
92709
2286
61045
96634
88584
301
55614
57067
50121
4784
65365
2125
47331
22244
86732
73054
99805
81862
17559
83327
80591
69164
38121
43461
94055
54018
83970
81417
55226
67873
2840
8662
6326
92139
13578
4627
2016
27518
30995
69136
35160
59138
75110
22234
82703
18456
40142
27841
81031
48297
20228
26611
11246
92536
16066
23544
64165
17583
2579
34566
16330
74196
1841
82248
1944
56703
95798
55192
8665
82105
71037
72286
50866
48422
48167
21453
94054
15886
60758
75598
13875
56129
385
6928
47644
76228
97415
13790
76072
90033
40462
84433
24939
96428
52805
60963
57296
92861
20290
26000
22657
84950
19175
98926
77259
47941
75744
62823
44369
94613
29490
48278
56825
26980
20690
60201
73810
94912
34603
25716
59287
82008
79119
18631
41642
86604
47347
54438
95617
87203
64156
1192
95596
34758
52940
28924
36954
1459
29669
99703
483
34591
69420
81459
60543
92183
27608
97958
75738
92604
87153
62384
58258
94574
66712
40649
5831
543
57283
90655
594
21306
67206
57166
30457
28297
52681
22066
74040
91766
23247
72351
65243
34900
25232
24695
12588
97659
58087
49459
58996
49388
78699
3012
49
1771
42934
1022
68046
12291
23092
36410
44175
39013
99108
79176
67385
12253
51001
32246
39501
5541
23918
83971
69357
14801
97141
23358
69341
42016
28060
8172
42455
7824
31659
51206
42606
64193
57116
28685
85362
51659
54020
61748
68673
86836
28176
26230
35791
46056
57310
334
46657
25841
9957
53454
25469
94728
33655
85247
4630
19576
31681
26029
84230
14920
93954
36350
7353
47902
36569
3191
55137
22316
46883
87842
51521
62169
15297
82520
86625
70910
87566
23284
84706
27726
61514
16614
97866
78204
25736
47878
30538
71868
24055
65786
19978
27991
77518
53753
92882
91825
18876
87889
9487
54119
45197
24341
78957
22115
1933
63299
79430
51134
98622
33719
32009
8396
41322
56504
53406
77340
38483
29148
22165
88690
72652
83268
98260
81096
67863
23529
84651
61544
89637
94800
52034
99677
13797
30587
82528
37172
37656
75751
76271
62436
68448
79403
73246
90335
33776
11581
86668
21014
346
15542
53341
89727
65723
20796
81466
61929
26081
97861
54251
78403
78648
17886
61497
3821
81685
32332
94598
10735
73975
16233
39683
62732
52877
59728
20242
93248
10021
7925
47319
56282
36861
63637
61197
74095
41458
62307
33953
93001
49120
20599
11091
39795
21499
97868
83788
50562
17906
69424
8650
1444
16983
75933
47039
84113
75858
90609
36849
5994
553
88217
51908
18155
50541
97969
41542
15011
56688
87401
62363
19377
98379
1597
61615
53375
5142
99888
41232
55009
75940
69680
75342
40596
99274
45875
39298
60928
16598
77084
98236
50849
25457
27958
92447
60902
68691
92935
89254
23530
56326
68776
93873
30504
7061
89272
3064
15386
14318
93663
78970
75970
49376
81840
30053
30873
12875
11311
18881
4665
58670
80614
98413
79604
89165
11514
93920
70421
9149
712
84683
12206
10634
17702
98683
7164
75806
44837
33535
10001
42810
23912
46610
22934
98113
22265
1472
43616
97904
61574
48027
57379
74054
84588
64859
75711
70363
14269
41339
95547
95352
32643
6236
13605
8979
66763
65336
31674
83157
22889
55066
68037
77776
8879
61854
34758
34003
75478
81490
66899
10041
50303
72516
47575
52685
27303
38152
26045
52843
22971
36800
61537
3498
37987
14649
10167
17676
33004
13954
31350
56929
69798
60459
75014
6507
79989
79603
65174
22734
30100
41707
94884
32779
74439
85505
45048
60126
58661
60920
81675
28611
39290
78831
60186
86089
93528
64539
39788
94230
51687
17082
999
61523
50140
9970
40243
89844
97502
41067
72695
47700
72977
3311
22742
81263
41915
28758
29058
52481
69600
50040
59015
72083
32279
2738
17639
90967
273
88925
12978
15450
39814
70944
71046
13018
40708
33361
82638
64469
45262
55204
62624
17593
88225
33975
55633
35979
56089
78922
44173
64770
35480
87306
24629
1646
58067
28915
29244
47401
92330
49275
89571
8576
28088
57245
7886
2033
32264
9723
40554
8554
46119
64589
7219
14396
87416
41421
83858
98304
47105
81660
34878
21350
44752
48208
79969
52507
46315
69400
54951
11792
4116
35237
72138
95986
65632
54047
89505
30980
26088
53600
3714
46365
38367
35618
18651
70891
80087
10232
14230
16645
45057
30940
295
10670
14397
68220
63824
79880
77275
55378
55717
62864
54771
28762
4438
10882
92450
11232
48763
33368
51916
52878
72215
93505
77945
88512
82982
9133
29557
9078
72419
36082
55169
38305
66735
73176
34941
61467
81589
97412
90222
9625
53705
70710
97882
40849
91593
9605
31180
7769
78440
68855
61469
80861
64729
92178
58724
6790
32725
25884
85238
54690
50322
68196
82958
19635
7694
16465
62026
31261
75940
30982
29643
51351
43146
42291
99173
1505
95622
37095
96918
73377
77953
21788
30638
3564
74613
74308
73576
74556
14451
28151
28742
55704
12173
35531
59302
85509
87751
78247
33154
75127
47578
99919
31828
47457
39212
10117
37715
22438
93005
57219
11167
95629
28966
11861
76737
28534
37557
79394
45021
33386
42889
87470
16809
47789
2240
73938
39177
7614
82988
13664
13753
17375
3940
21790
25798
78034
89959
83181
64352
64495
36592
51137
81551
57232
16983
33113
26737
312
58794
30767
47951
8357
33225
99768
32238
60108
83109
84039
45217
65273
70940
30100
39449
79341
43465
93792
91688
7175
86062
98702
38575
54376
15041
80526
96793
91752
5919
59576
30805
69126
47200
38864
48820
52221
65712
5396
84149
4172
89552
65690
94924
5919
37964
99079
93554
6492
11687
2209
13766
23190
41424
19562
14250
60091
92191
93575
93316
52699
2974
40485
54189
23532
53233
76090
18072
32076
81280
87227
13628
38069
9642
87515
17623
20372
3778
32655
16411
15961
86971
90301
80064
3709
45810
7614
27701
27638
24614
88729
60030
72136
12080
31450
1198
49067
11500
71392
52686
61873
81007
61478
25212
24459
88580
75697
13548
53909
1939
93877
56313
59535
77163
77354
65727
12672
60420
50479
77722
45618
48388
90433
7461
92550
27197
41491
25989
78192
86316
68556
8871
32385
79969
54538
34954
25492
65089
55604
15128
70113
94066
73792
25699
30737
32415
494
94973
34725
65723
88526
88646
61021
93669
7067
13485
90574
54017
32661
97262
47088
49707
35355
67592
33383
85005
23927
79566
22625
42400
40234
47583
4815
35351
7609
51552
74595
64734
76724
60135
26703
46518
91263
12469
97790
79909
47850
38715
72901
41052
44380
71475
32427
58342
68039
20405
58711
6199
92316
45731
8488
20927
72347
92325
25488
40942
83830
25669
86060
55515
38889
25840
77292
72526
70558
570
58444
22886
69801
53473
37155
85211
6664
81573
98020
68758
15155
46473
67311
87204
92840
68395
72417
30993
51647
5775
74171
98938
86980
56847
96079
22180
52655
17386
2162
18540
94183
59901
87784
67469
61961
35825
36398
38842
8575
23276
14263
90774
94305
56730
25787
37357
58358
98856
62674
70494
53422
46299
20878
64783
26399
59506
35905
12954
57393
14975
32556
89277
79410
79479
74575
55253
58688
99842
25243
57015
31997
33575
22417
28370
91511
83396
4632
30250
31060
58722
63822
53798
54712
31668
65117
47883
39022
23000
41070
2454
99919
23443
81449
93600
90720
24985
11363
14825
82154
70533
78668
58515
73613
5658
38496
19847
23881
92508
73271
43002
54873
5654
81893
98671
51152
78757
34565
47742
14361
26691
16230
35688
58772
22788
57095
8553
52125
28816
37650
66526
72033
89806
48096
60526
80054
5306
80185
49053
93171
45270
24002
46514
49729
98067
47581
94265
41550
82778
42447
11962
90419
63620
463
55462
54303
42980
99742
50825
48562
29942
67721
95064
54858
6745
70968
65066
57558
21367
18616
45846
98572
85512
54571
69091
2689
69716
85958
60704
75207
62830
67003
69347
86368
25687
76106
8412
89343
92633
6222
37074
5563
29360
490
63229
77549
28937
91656
42983
27098
82514
36707
20182
64161
96601
13390
4907
9049
31372
52772
84587
57021
39038
75618
85732
62939
98373
8695
29170
30639
62555
75723
64924
15144
81542
40282
69212
85022
91341
91541
73752
78059
42974
33605
92693
26123
46820
5186
89766
12297
71198
99363
57970
39860
21635
80052
66525
53742
14757
290
79175
20241
62485
12344
64542
6790
71782
5038
82618
56319
44178
19885
17707
39830
79020
6527
14046
5432
82924
59609
16118
93187
18928
16873
59440
63192
17753
25063
93508
1489
73756
15470
70264
91051
12365
53511
15573
30630
69062
85902
54340
41782
22567
33447
68118
51313
81655
18140
60840
15108
66006
61093
70817
55148
84171
85988
1312
45612
52903
1350
89037
46718
11529
81129
82563
28708
49620
26655
27464
25508
90953
83416
36369
97021
5268
74335
70619
85481
48754
8127
81537
99613
64223
78400
35483
12663
44652
15115
6880
26376
52199
69961
77726
67712
96865
7622
30253
41438
50884
39410
1692
54999
90675
35331
24155
82590
24723
73795
49880
9836
15369
15830
96857
44776
19813
89424
82495
33129
45645
69899
84055
34504
19775
1087
73309
20992
5689
68656
156
97645
44082
29181
34597
9344
6434
26537
8937
28891
54245
52893
87939
70857
65235
97043
11007
36368
73103
32950
47899
7441
25127
97123
95793
80984
55354
67188
35224
89587
62021
3163
76900
56066
73638
52234
65754
86187
81233
87512
38342
93275
80486
53603
78884
92751
81960
13197
69269
22731
90080
36941
47888
72738
20757
92714
72518
46958
33388
53613
53990
39246
91312
19350
66870
51082
75992
31872
97218
13000
31289
24820
55135
85590
94608
54623
26955
71523
18239
3041
99024
42156
97918
12492
99507
25080
55274
4161
35309
80924
79715
18795
52799
27619
33522
99095
1962
61135
86733
27802
16758
50087
15978
56268
91442
65259
81806
62297
78130
66133
65759
995
28719
30346
54589
11833
41327
78820
19843
41789
95807
71830
96563
16294
33285
12494
72020
27515
52068
95512
52660
65819
84790
90437
86282
48936
26178
41650
21049
34247
43274
92977
26030
69175
15165
78720
90076
22452
73030
21689
57768
23142
41292
44943
31995
44927
53523
99684
22983
78948
93239
54290
10229
82618
13473
99939
16204
38282
44064
5652
85655
99677
57770
85596
98515
2829
45800
27387
1128
54564
22417
49567
54484
30378
37744
29518
24527
39847
58441
41354
95412
26493
18666
42101
41007
88983
82748
43412
55702
15226
62516
51794
78388
67378
36034
58090
65371
55696
46427
29165
99127
26136
98555
68418
56530
43671
99806
79851
44874
83954
75411
76356
79840
2709
10239
59161
81010
15669
44588
9532
20081
2387
71685
85902
92048
70623
71179
87105
94343
79653
64146
68831
93420
29276
42226
69276
27937
50248
85570
97336
89177
2896
98537
71747
39814
86159
71953
75678
57139
76873
77080
49702
11108
36894
9083
96740
54451
12653
76369
85906
72492
12700
85507
65221
19807
6579
82936
50563
60482
40962
31224
30762
30098
47251
20355
17185
3849
99937
46087
5889
98670
95500
29966
17470
2573
14444
57723
56525
20193
45486
14825
15284
73878
99664
24843
76477
17388
33316
51940
33235
3223
21390
15196
16176
45649
46317
19604
63856
16539
91898
92890
54513
66565
70480
87236
76992
82733
68037
62648
5363
48856
26410
30370
14996
26136
15939
56883
30434
22407
43878
99796
70533
47997
12852
2666
77279
80304
13789
71820
56255
94840
93867
39986
28295
52596
60311
48719
3397
12427
47851
93743
49350
70668
46576
84378
76812
91020
199
90040
29709
89433
89169
41448
72660
92101
22357
6516
53712
67814
9957
96687
68944
96216
6392
10523
54988
86423
2074
62400
65824
67220
53485
18007
74555
50134
50445
99864
1420
28473
25853
86259
80104
23749
42111
66821
5670
52418
67326
36193
30238
53795
95007
35583
2470
51163
24799
53134
64275
36053
29389
90389
88945
37799
24215
62489
35947
71162
66892
22525
41656
22492
5096
25238
41961
23697
16583
45194
54105
39571
4852
2570
19097
65881
32161
12029
72212
17902
15537
23391
25335
97311
35589
65366
99083
35463
97314
42305
99533
79621
30873
34507
85525
44800
94536
7746
48698
69768
93622
78772
34580
79604
99028
24704
31200
26819
71291
23063
5637
12185
90276
18045
55625
43500
97190
44345
86903
39729
26154
6497
26382
74278
45661
74484
8697
70345
17044
74297
71344
24415
63331
2444
24280
36764
88811
45730
98282
10884
34165
72264
64172
74250
36667
87347
89344
12828
78882
42024
47609
50191
20842
8968
43614
87124
52389
60301
33943
24544
16007
60855
9774
96994
51718
81222
48854
87832
93765
18861
54689
51459
46062
76019
5563
53890
42325
52132
37611
58313
85139
95869
91462
75019
26687
21153
3572
54362
58830
37155
84374
28509
11787
73738
94876
73310
62489
67177
22531
55444
38493
1512
19063
60020
87335
96149
4128
44823
3404
89724
44799
257
22690
75630
39405
20138
69392
34755
70306
30565
77650
94492
29002
56609
34487
26179
39672
72323
81142
32253
91400
75147
29600
82166
19819
83626
76805
31442
87683
30538
17024
58748
50957
69106
92355
84116
5819
36156
34333
74738
3917
27734
96870
91966
77794
44001
72510
62453
25533
61156
56476
31804
63681
71151
98323
69651
70657
40523
55810
55778
43332
37950
47071
39768
13540
18901
43534
59896
64253
50370
20359
3516
37990
6403
28336
63666
78277
37633
4372
75818
11116
14352
5908
26527
74061
85220
95066
79806
70782
22703
13459
65295
80345
78555
31406
65966
80662
57102
78426
58892
466
12614
98199
75163
40796
52960
93814
57278
42814
34656
91374
33023
36151
79991
44662
28980
32041
20544
65706
28319
23834
63728
89113
41549
36910
55063
23170
59435
74997
62369
83004
21175
59207
45479
75352
98502
16152
30745
85730
21101
91405
37788
36991
36126
31329
80435
29144
354
33892
2426
33924
60118
91395
50106
35057
36738
23500
56649
38252
85733
29790
34379
82281
80444
51652
70199
73816
90671
4639
46160
12827
1296
34813
44605
36914
86045
26736
52987
10220
56475
25918
22816
25542
72570
28445
22885
29779
9100
10422
38614
75001
59502
92493
99997
91311
57026
55507
56547
84473
61130
6619
38473
95714
87732
89598
32628
25304
46790
13192
49011
10001
70513
46429
81776
59814
6973
8836
9710
51999
28766
40419
64716
80248
66025
71158
53324
8803
34816
53293
79887
30538
70189
68513
49090
49856
87445
27101
37809
82971
95816
97581
82988
95907
61410
28612
4488
13073
10716
40182
84337
48189
45797
4547
55706
20710
41902
58224
29689
16574
36273
23825
90487
93496
33304
18473
39812
1999
97338
31920
72368
79872
71026
26738
56182
31185
57431
68808
18838
37412
66670
40251
98086
94634
68956
31697
84741
65641
12806
28380
7953
29220
97412
21235
46698
71991
7093
89491
62603
42937
88800
2488
15734
78795
67813
4465
77163
19058
48364
24521
63279
73094
39386
92276
49904
96022
25738
95853
24540
1607
33732
74170
89192
68958
23967
43148
82460
49791
80040
84191
24091
67939
6205
75901
48611
64181
24517
19291
26820
64491
54534
65682
17277
88285
65101
34858
89834
5135
71330
50675
46253
11240
64951
60995
9204
14630
13296
46775
54828
24665
22005
27371
39017
64173
429
95340
66889
63485
43664
85723
71504
6447
69032
60049
47072
68049
56892
907
3857
89108
53314
77324
78460
29364
37937
12851
2987
45209
66696
33981
50884
77742
64463
2154
42485
27163
26664
53103
87855
69760
67969
26348
61470
85607
79171
39805
42207
4901
13923
41154
57737
12388
42917
65719
71351
44680
48910
9653
26235
87578
92352
21679
96788
9683
34838
93762
41984
66878
17563
19909
41385
3789
13051
34096
21138
26965
15854
92852
50193
98131
70643
98086
31286
25541
76243
38495
34824
98743
30803
97805
78252
17011
26867
277
77408
46290
29560
51786
50769
85409
97821
75329
87338
94013
99769
53948
99337
8820
44580
44385
28826
56057
59460
28103
16934
94266
90393
71246
33439
96342
58938
43240
36074
19758
41656
24374
76921
12774
56688
74848
97405
64067
42083
64784
309
95314
10748
37272
25772
22295
39158
26003
54163
86417
68978
22194
57550
98763
83342
83142
55896
58313
18347
54427
26470
54581
39255
67579
52356
75394
77026
86563
52132
69731
46980
64759
13974
94676
27793
21620
83518
53120
45473
11144
57183
32934
89077
49656
50779
19462
66823
78157
29431
73546
18951
39091
45720
87656
38313
45728
56058
43168
84915
50377
45268
52595
73870
84431
39437
4219
8219
62874
70969
61721
99623
2776
12839
7202
97243
93536
65504
89598
16800
32894
8571
98869
57131
78586
50780
7888
19039
26318
56362
82065
65561
40350
68205
95096
65875
4588
59063
4646
10219
46559
11242
3948
7187
67710
73922
16175
26252
38517
90412
44776
80224
66460
26367
52021
41806
46399
95463
95284
33650
31548
85180
81901
6511
88904
96159
59273
34570
17743
41326
92654
34472
60858
79379
70240
21651
4623
91681
89421
4664
34605
81636
80521
35905
11585
1841
99101
13982
16184
53289
19476
9124
63779
70995
78670
61379
29341
97436
18283
71550
14648
81604
8509
97190
97757
10304
19365
87081
56127
30369
37183
54717
6042
90619
99045
49912
4658
45995
94926
87062
97058
45291
18386
64453
21850
83530
70692
89863
708
8861
92310
7186
73398
17870
90016
53000
73127
83331
38148
1281
82475
12019
57854
85815
16106
64759
3081
73159
71949
28758
56720
83345
2510
31220
74491
69356
63217
44055
75340
14227
39611
29502
86373
47266
38058
29996
81318
88172
603
46045
76785
21327
7847
93644
4586
85038
87437
32571
48347
57090
80448
97533
17913
71949
52140
8964
4676
42178
43379
20660
89782
29071
7991
23920
61669
52973
25646
10588
47756
86109
83441
14909
72556
25904
51973
35393
75498
8865
26633
89453
81919
30645
95707
18249
33779
42078
11589
14423
95126
29093
25320
39140
44792
79943
56262
47713
13336
83926
31974
51613
59391
76848
84815
62238
73649
65538
24977
92009
19975
16746
33466
95810
15544
53925
38740
59136
33364
89741
90140
19591
41384
11222
15462
18662
60788
44300
70116
92612
69641
4260
22057
91571
76890
75020
30061
5070
45830
33468
44600
68241
17101
19580
94447
78379
95627
29510
23595
90867
41202
97125
14349
23594
93785
12383
10229
48168
61386
66152
1450
29348
95421
32364
22367
15715
94689
41894
18919
40524
23864
33670
13306
99895
45141
21899
2490
21803
16774
37082
23035
31277
20705
79249
51410
72516
89911
98462
97786
64507
64790
81892
43683
79678
32018
15251
72820
84736
97212
78732
83690
53733
10590
83071
67002
7531
83819
14453
78453
71886
9893
88425
31393
24304
43116
70172
8643
16171
80954
49850
25804
96226
44108
54412
75733
41972
89986
33627
67877
29889
49079
17753
24591
38042
53391
69302
20687
37634
12247
43878
88696
75457
20008
25899
54613
76364
50498
19379
36561
61845
6608
56648
3782
47362
52927
87463
9625
56178
7337
25030
17545
50192
46576
48564
22806
92140
63834
93351
70912
73814
49485
71009
3924
37076
61153
50346
76217
18208
99799
99368
91473
70607
97065
6031
23280
92430
13970
77228
85114
65928
59676
64508
30296
87216
26333
38504
28881
71444
3092
62472
12530
57147
48467
62747
12360
35599
52724
66706
86208
2581
11246
91417
56379
7968
33556
46937
53126
40545
25283
30375
78169
86605
8236
4984
14137
84976
40712
16707
10743
22649
21465
4773
15115
37326
86838
34326
22140
34318
93670
87681
39706
47264
91020
82533
54681
68259
8129
22328
53659
79395
85378
88336
46161
72716
84303
25924
48910
43483
48609
27383
94887
36016
55962
63558
81115
6473
76301
19052
21129
99230
24797
18808
46874
37601
90669
30905
95584
25702
50302
45878
76846
18383
63047
31347
37270
33129
58611
42398
53022
60913
85415
78656
85708
66287
92794
3689
91301
27461
1418
48208
91957
89077
1199
54429
54597
66569
41462
8559
82047
53398
30340
23208
93181
2731
50537
76503
72969
24615
26287
47985
47861
33903
66029
60216
13815
46140
33099
80586
44807
86979
39603
68123
24284
2093
53920
87769
17184
8618
76750
70701
91667
50051
60350
99624
30573
62207
85475
82977
15750
16290
30720
66686
1173
53432
347
58054
23047
40983
40614
8457
33470
60875
63752
95068
13794
62217
98923
91087
48811
62767
59319
64351
47865
55586
56318
97809
73552
66405
29642
51607
60665
50121
64836
28517
56258
72916
66949
70851
1746
95865
64722
76201
68003
68292
37230
30792
86299
65282
85829
68356
63283
94387
34166
52982
56970
66369
18821
45586
97113
2537
84502
56641
11340
89006
47792
83348
96038
35234
38809
40878
95267
28071
89341
52945
98044
83118
96347
79572
18356
25526
11509
8270
80575
61286
88323
66277
15955
11853
71546
89889
54095
21362
73738
99208
11363
8080
64860
78997
20500
53881
34753
51065
26472
44951
73088
35212
5045
81220
54938
73851
70021
39249
27230
71587
91027
76231
76066
50054
682
81514
67393
84184
63687
48919
86782
73905
54333
90133
41582
89963
18257
17350
59071
64474
90772
60444
81798
35624
88197
53111
61231
34734
56915
97694
19868
14845
94131
2150
8180
35131
32014
14806
78314
38986
86488
50569
87377
77552
58168
99182
80878
14912
39638
64974
55594
52670
80178
62755
80814
30582
94433
40442
61856
47571
20283
32658
27268
65992
29051
71937
79773
52182
81952
6450
57949
3451
39036
20084
77986
40203
73067
4245
77455
89014
72233
46318
95095
91941
42100
67197
34667
31376
21336
77598
40698
91572
52949
30742
18702
53829
23300
21384
48501
86231
19409
28696
32960
33188
7025
52142
13634
60093
84769
40610
57514
90188
62986
72841
75338
73964
37562
35327
23892
61853
37269
48397
30846
4354
65751
66376
50501
8293
1381
24156
16903
51683
55743
91224
69605
43537
13358
61907
84916
89957
53563
74574
46606
80726
20083
50510
28586
80108
55404
44738
16266
87973
97491
86647
48961
71011
97850
28605
67437
40648
1641
5340
58711
60613
23706
5831
34444
71762
3235
31801
60605
75655
50410
33934
8290
62695
1790
50119
84270
15241
37790
70393
52889
56643
7889
28930
54191
69095
42262
98594
45687
84752
94469
44268
88316
48222
15862
85993
57019
14252
16065
56823
76872
23603
84133
40611
37562
63557
78357
86266
69220
47730
44335
52195
2858
31248
52451
2068
52723
94776
51639
65348
29499
4641
86114
75852
81185
6142
45617
60067
46832
15797
93100
70017
99175
80966
93520
29285
72510
67278
91367
90634
90738
55996
29373
97956
40417
42274
41409
57068
95771
13794
33269
62242
62613
50716
27323
72230
37489
8280
59425
31420
17939
18289
39433
53423
54629
74317
53020
21891
37727
23165
29557
85445
3409
61004
74610
73503
75268
88157
35435
38911
64732
88549
64296
33037
82527
30858
7404
48458
53642
21290
91796
64229
7852
59946
72694
72448
16562
75949
43327
66099
89253
19518
19340
72605
84236
47824
58833
1608
76106
53819
96962
49332
72845
20513
66688
29389
53993
6395
70896
23770
66913
4562
68248
16437
31369
65328
77592
43462
88309
2162
56941
99318
44829
69335
49658
45214
69209
91690
48801
34703
72024
5795
72352
99822
24327
42464
91384
87339
93258
43305
18454
10166
5053
19556
99186
84691
51269
2903
41236
18908
70231
15371
13298
73943
96878
97643
4502
3510
70855
21473
60180
62302
57594
36193
51746
61117
32209
68425
92109
88904
73944
90253
50203
45004
83707
46774
94264
25272
70149
64966
93944
66306
50454
29892
64471
56653
92497
98409
2944
26683
37961
87874
16484
71784
83124
56152
52572
68860
67810
38068
52481
82843
10793
52331
44964
79978
65167
68294
90235
50104
3379
79230
33360
5888
27529
93874
11847
27702
71721
95092
68620
33800
65481
65426
50943
86070
73768
78418
61879
27555
94202
25404
57462
32080
12484
11101
55513
98122
84927
84492
91485
24203
8173
52840
23304
58731
54513
10596
44255
89250
44304
24869
97139
72718
69448
18681
17361
45367
1388
58894
6210
86749
6414
62680
55901
77974
21768
1280
93403
16428
38361
13725
42774
87228
3606
44417
25626
12641
42121
92211
31556
63172
34162
72629
83250
69332
28265
84743
62632
93803
93739
10146
96734
26033
78282
4736
17788
45493
96938
45329
36963
53232
17193
27827
50889
30579
82095
9910
69111
25030
93054
4720
3245
9176
27337
43037
52587
33785
79429
86568
49709
37024
38647
99599
22688
28215
16990
16741
8945
98870
26628
80133
15703
96791
55248
78323
45979
6335
21739
52671
87237
18354
15632
37601
748
89019
6900
87557
98695
35245
52148
84003
66063
10369
95620
99939
14585
17593
5138
22674
13588
65353
964
70240
98401
12921
89017
6453
53928
49013
97058
46251
12045
26758
99331
31354
21391
1045
98851
33669
21314
29433
18045
73700
46721
42624
14069
5333
1171
55308
63738
28386
1196
99064
39082
21883
17390
45391
39200
87827
2
446
33628
49681
38186
5897
71958
39305
11038
64265
78547
13539
18741
71468
1360
84155
47308
27263
23519
55776
98851
83683
5282
98619
85275
68672
45054
12980
87676
77448
13964
75999
61845
11023
33667
20867
95805
68364
35514
40824
70666
74764
94295
36906
76761
50199
9644
29728
97704
54927
74575
90126
21872
83423
88975
16318
95164
35008
64406
69513
60842
58977
51629
33590
50300
2547
51693
7718
37801
80492
88349
78943
91749
82694
85110
24087
89388
68376
21858
35075
59028
15326
15275
32748
2872
23838
54127
78422
22047
17348
25703
60796
3958
66000
79982
11689
23134
60705
86605
74213
98505
1925
91926
17212
66577
95631
98377
39178
98312
64888
26930
26788
13149
29330
10485
45515
43701
18880
30717
26462
48420
73271
85670
20452
54788
27552
74985
25748
2712
73421
952
28683
81770
47645
36570
57102
23400
98062
66171
7240
25461
14949
80109
57159
90418
98915
47647
74628
55515
34466
67987
4254
29987
60143
25792
25234
16255
71474
62423
39024
20646
72628
36465
24891
63936
98247
45017
65504
92759
53382
22115
45638
52709
23476
1000
33471
93161
28510
30034
55873
79905
357
70233
68245
5433
96698
98695
21626
21852
11335
40846
51925
35638
27146
86594
52832
78483
55217
93223
92171
53897
82142
81868
2132
12351
22348
51544
6510
59142
92321
32073
87744
41440
6550
59118
20288
2394
68220
19458
67237
99551
23391
43651
81424
12535
70189
9999
25562
36882
48167
54988
37943
35287
37862
1976
97762
18489
68101
55893
83085
45153
92184
62483
29530
79262
53101
10485
29088
68027
66305
50438
10262
35759
25985
92619
30505
38491
443
89596
42162
12348
25981
69628
10974
37333
94129
52457
3577
4574
61355
1799
34293
12326
36372
22084
7367
60907
14121
2161
59434
59703
80911
57535
70576
97729
44725
2184
9301
45243
71470
59271
18045
78505
13731
70736
19171
22555
51508
92197
85133
644
6908
24514
6672
64506
16145
97936
99386
3901
85252
69598
24369
98282
30162
82459
31437
68446
99052
13245
92607
91945
43156
58333
33103
2083
83754
55787
98594
65636
2912
84811
9398
21923
17028
58789
52794
56396
50862
6070
81584
46788
2797
5400
59991
1872
34901
19763
48342
31272
39299
50725
23503
38263
99589
93188
57488
48575
91411
4588
80751
60357
99341
33750
988
440
60199
2446
81254
71372
29664
75040
17583
92981
31660
45818
89147
37755
98342
31230
67181
63991
7445
67322
26337
52187
61308
71135
22334
23840
1301
4219
64985
46274
25318
21227
47447
69047
4411
59550
41673
32455
38509
76970
1608
64258
33141
30521
6603
53770
4040
19732
50232
60180
37406
16760
52911
32019
7413
48801
39132
89063
80112
57413
70070
25445
10055
71308
67663
10433
98371
20100
33344
38792
89557
34726
25482
30474
65714
62078
19046
30786
64532
68563
19799
81569
53986
4805
8868
8558
68315
15428
61633
55610
20417
52609
52343
81095
6899
76162
54203
61832
62858
96170
55398
83939
86388
11440
70623
2679
91278
22437
66304
45334
29754
8345
24531
11548
37614
88501
71458
5250
62440
59105
42117
82943
58467
77733
18374
36947
82383
44386
23575
89551
7875
57213
67928
68362
13164
35859
95181
42546
34181
6189
17279
45878
49123
16298
25855
12071
28078
40794
43480
18398
4704
48952
99392
3753
54052
72455
25472
8654
93065
33675
20296
46891
98861
76753
37459
72541
40417
56169
98384
1754
93319
28911
71068
56251
41825
96239
33820
42168
51878
6303
8868
41588
905
5176
84846
58922
57821
64175
14309
40708
10386
86527
49480
505
85892
70387
47016
72369
78838
53314
71654
71909
42410
41726
25078
75792
77884
43141
61927
57813
38635
83304
56775
86762
24807
78707
45985
93685
91906
78537
14719
76242
41859
57675
91368
6792
79430
70562
70358
71438
49222
61450
63329
98564
34648
36959
99178
59179
80098
9053
81037
14680
2247
56496
2073
27082
29751
62718
75698
7184
24401
53331
80463
301
38594
95411
30049
84734
50357
18285
96362
7322
72782
90489
8591
77185
19975
58211
52113
87847
79529
86805
13587
82852
97499
39
73994
85363
55601
64286
77041
16712
94863
63174
47036
95891
80987
63028
59969
39237
6909
14443
8821
61812
12691
73715
41897
11758
47905
24888
7107
71539
10604
87851
27655
37595
39744
97610
2801
38555
21417
44686
29132
86071
41244
79649
12458
9608
43452
12699
96198
56947
98242
12876
80938
65085
77983
51775
70161
23783
58141
62236
37458
30713
57178
5502
6107
7012
35519
9440
56146
83376
60226
21413
17820
62222
85311
22749
20567
33042
61257
32289
68305
35205
28690
50159
73296
97728
6912
62569
59611
87969
27448
79017
80414
59180
7228
98419
28892
35742
73541
5445
74088
34011
56552
12821
96720
76828
95056
18715
79774
55234
31207
37119
62526
25851
93930
2253
2023
7019
32205
8379
99
72949
49828
68177
55928
81208
40999
58639
54994
86892
93856
84825
59500
55811
58201
34294
78652
15869
53439
96468
2672
88197
82795
4377
56761
90329
16491
54563
65250
4974
96395
21873
3536
65161
5345
1139
84182
88375
56893
15512
35829
36416
63720
92882
61377
46382
77618
6714
67650
59636
23601
86154
53579
35737
5707
11902
90154
45451
11415
65598
64717
86436
93388
50019
90496
71982
81288
94338
50465
57061
50111
90276
58976
37926
60638
66255
24476
89912
43000
10379
12710
9776
86912
5614
81373
10241
68294
67799
59454
93443
10984
38731
76959
91294
50795
49392
43028
13700
2385
89394
65093
83280
56249
10588
9525
33324
27178
15653
75098
39452
87426
242
2450
1036
52887
54940
99523
87773
68646
80255
3688
13488
34884
57022
46077
11379
13317
67681
87131
11245
23227
10775
87526
53606
45285
29430
53527
76324
96089
48049
83063
52641
92700
20001
6016
10742
36281
75922
38406
95854
49869
55254
45054
22130
85705
51604
48395
99226
64510
98145
20006
59496
28521
63853
16225
76650
12715
48843
55750
23457
1413
23199
91684
20596
97192
51047
20788
14882
51006
35335
75097
37394
29274
91277
61376
67972
65721
65396
67901
93680
81034
54300
11813
97943
28043
23566
24119
28847
3776
29366
98027
87437
20172
14949
94440
26669
63569
24458
24938
34657
30816
33513
48220
29175
23048
82611
30222
37244
2476
48252
10929
47319
80942
62069
42423
47113
11386
93740
92553
73625
26928
91940
11106
21639
37308
87659
17222
14325
96836
34706
4402
41262
40457
33244
62863
47521
6080
82637
74895
45431
93344
86875
26370
55523
18436
50708
6495
58102
72526
47327
15283
69829
31905
51312
7729
38876
22406
26580
91867
35388
65389
15896
40407
67770
43849
69666
6861
47698
99205
94902
41032
28748
18844
47121
80281
40052
65569
55582
3202
86600
81164
59120
41799
49509
19422
34573
9357
89145
25514
23987
25114
79499
90770
39507
80042
77447
46467
58600
11674
48770
43846
58797
58896
77624
6294
86535
50984
84783
71031
67676
73306
66824
23377
5267
54224
6268
74097
90898
48347
9275
60308
17716
22183
75218
69787
61533
37977
79337
67079
2833
93585
6969
43907
54432
42753
22366
223
64174
43214
32886
83589
24574
18113
57838
50681
58290
56122
85503
85283
73773
3350
55568
10252
2398
88461
26130
36614
83678
7836
44761
48558
71646
17703
68197
74090
66337
22916
68945
62513
31857
6045
9922
47684
15460
25686
35734
99602
64345
24537
11497
5411
52474
94054
93305
99483
38017
96716
41509
65970
16622
85752
16545
56338
98453
84328
11942
6870
49916
83747
84343
35374
87177
22989
53425
67728
93427
7884
94792
76711
52727
26528
72269
59140
96339
39349
96083
77592
24398
68713
36073
69620
81406
2974
45890
46105
89499
53584
49230
31131
13744
28863
49685
80597
40193
76123
18234
29484
40628
25577
6056
30133
1924
64797
13242
90094
13482
57405
59998
59103
88245
34349
82472
81202
47673
14723
53967
84202
77098
7319
78229
39843
58653
63660
62967
23864
76842
91671
18947
20216
21115
66599
36964
98820
62657
5940
67695
16609
89731
55796
32622
32094
93585
90127
42886
79395
46391
68483
32923
25470
22155
34031
52385
33308
47348
66212
71480
38264
1829
89378
13251
21811
38457
39782
37987
21646
97385
83652
18545
41733
47027
37357
94470
21302
74697
46134
46258
68526
20773
83572
77473
8359
58747
93477
98060
87084
14213
3655
51471
96444
34460
29431
14779
353
42544
10811
93636
53802
52139
21240
82009
62738
49937
91189
78442
84798
39560
31083
58611
1213
19954
2954
17490
18257
11904
4892
63064
44980
41722
50903
7432
93729
32180
22100
7273
17595
22577
94117
78758
63885
52498
92455
16386
99533
1562
14734
58421
67557
15034
13262
47523
83129
45043
50258
76490
31505
11940
96522
88448
37651
47746
48656
12080
1236
13807
88280
30558
27837
83916
60846
62220
45443
52325
94725
48715
27499
86567
17957
16694
97170
46470
95506
29945
28459
3379
24303
48685
81922
45610
75767
5654
26055
5669
41106
16139
3842
80374
15150
85725
13282
84175
30584
83641
54187
51041
2080
30804
50317
1542
48990
44938
93983
79827
91277
91180
52239
18710
83620
97856
89504
39594
48636
82227
8148
55191
36164
39774
11219
78586
44873
47124
71417
32232
3412
12994
15886
11865
75758
77418
1298
93498
98368
80379
96619
30829
11671
46228
14391
49925
63899
85131
96754
17294
96221
73688
35539
48356
75493
98995
14876
62306
19585
71731
56669
1865
73521
61751
76414
78283
75294
40374
42952
6202
96557
96005
41226
68256
85607
77318
43520
89936
25382
61293
14687
59741
50370
54122
36010
29724
77454
67530
36372
76762
62541
38992
73913
26636
23710
94753
57308
49920
69813
36107
74631
23525
42179
90551
20736
215
32461
67283
62749
98174
55475
24940
36923
58291
57044
96928
51495
19398
25740
46689
828
7763
4001
66190
43661
57565
22091
14589
44546
90853
20010
93599
20123
89275
86662
91161
17561
59819
33386
35795
97262
10171
4780
38198
21286
37601
2068
15622
69592
26781
43258
37909
24180
23123
35279
66867
19524
75989
46890
63171
78124
17872
22736
71895
78163
61876
4817
47648
71628
65882
79366
91675
86012
89945
49427
90656
2983
65803
44903
6060
55496
6468
44997
17764
47594
82100
69419
96999
53995
19795
71637
41571
12928
70214
57670
79390
87435
32884
60034
59410
32784
54419
43994
3709
47414
51582
51897
34234
73696
44622
63884
53720
31086
40830
7674
71655
72875
4971
24300
96062
92456
7817
93653
51833
94244
37794
78746
15797
32274
70036
3221
70098
5768
85493
73276
1076
62474
41287
70349
96011
30203
35184
23303
9372
55911
17916
10485
72098
62540
86015
6515
82463
8583
63971
66954
24966
60766
92160
9465
9619
72835
36100
1960
3659
41401
93785
47952
45592
67554
6597
9181
31588
34621
28288
65859
57271
84514
84280
95922
76328
27309
6648
53256
46259
63521
20757
61514
41797
18539
48309
40310
70313
31822
60729
23176
94102
33224
19643
67970
62125
69964
64893
4544
55942
76834
74927
47842
80294
98111
9682
40452
76485
96238
33137
82310
66187
82843
55700
40138
20644
32271
6154
27053
19244
66287
38867
99765
73891
5112
71756
24046
64871
16310
33796
6363
62416
2103
97314
69425
88594
72914
81219
43685
8856
7857
63824
74074
98685
78419
56988
11258
77523
79504
47325
29853
63809
37839
85300
89655
37966
75161
73950
75182
26355
85635
75580
60175
62441
26773
19894
64084
85529
86275
51544
47729
51052
62469
18196
11387
2462
64792
1080
95472
48124
60498
46522
85366
68984
3943
42553
24576
16803
7659
31458
13432
98964
6037
17330
23220
32276
3649
11633
71911
58524
92903
25729
91248
27960
99595
78801
1340
19642
73913
87192
73173
74080
78477
27057
65857
39113
90214
91191
58498
84219
95318
47281
77869
54816
38111
48765
45015
45139
94976
79110
98813
53159
29169
36948
55220
34768
55274
57405
69388
25142
41213
4934
42890
20466
58284
39352
20486
78979
51473
84107
42062
12457
53134
87691
63206
45622
47859
36431
89849
50830
33786
56200
24666
94802
88379
20014
44910
41529
71836
31088
83838
32808
21803
33356
43006
90383
4391
57403
96532
98758
28278
66035
93666
10868
37047
86355
24
41477
73742
9598
86908
18843
67556
18557
91356
85012
80268
48087
32087
38270
94441
78957
7142
20384
268
9254
90654
19778
44685
72822
41230
90456
39899
91090
22551
67750
62534
13797
57754
2023
19989
3432
67787
62238
44179
64995
65252
3245
42000
57993
10115
56303
25315
58262
4317
49321
58892
73281
10600
27793
95701
80246
96792
920
68367
96452
78944
76465
96006
23605
22478
66470
90332
30064
18280
91008
11170
44904
76204
35273
44001
87408
77778
86692
62706
84926
65140
81637
86773
73229
8857
89252
3197
29961
6321
39743
6640
66866
93871
47727
86051
88786
7238
18394
35514
43645
65971
95251
39981
13308
38151
13988
97076
75326
83791
8292
2467
10100
38214
83440
31312
97307
89691
22776
14747
33225
63273
60371
23742
78536
84368
44303
51033
28477
49221
55215
80169
59383
51177
19060
18955
69888
41655
73465
35078
94869
92175
27870
46169
98028
37276
96540
28652
10430
16415
88744
99094
84462
3646
2289
80372
5599
71509
61445
28940
93848
62955
68599
26105
28576
28122
43083
58923
19153
64484
61423
55651
16226
87698
19878
41049
35402
14202
25713
41260
87828
15650
40602
12062
60476
56120
95707
55737
48888
38688
13356
98379
80209
44525
41230
31913
23576
1765
17592
69905
94192
37616
9498
45945
54992
33092
82868
96763
83767
61239
44969
91397
45795
20185
41111
78197
22352
56537
65628
72455
32415
87346
10034
80465
51128
63043
75441
71701
46468
87965
17473
33637
96609
55808
47067
50211
6152
94656
57069
27384
73252
98944
71969
87649
93718
21958
52584
60024
3413
63033
9561
67038
36136
45136
37490
6846
27582
29033
94817
91948
57650
11166
50295
95802
43765
11332
94787
89987
73117
90900
72044
27695
99467
38244
99203
33471
15376
22385
86746
29169
10459
15417
68287
83435
78403
50435
97500
51473
18317
40221
22629
77118
99839
65121
69733
62085
48648
76167
43883
82386
27171
62597
86907
12512
90988
81865
67570
97892
45933
4019
91469
5196
42287
65647
81489
42233
42878
66859
17398
93329
13831
43313
71669
32895
68271
94926
27855
34346
68510
37117
84822
39209
78501
4359
1998
47861
28509
55775
92447
96538
82864
99607
5539
14298
48751
17432
34830
34192
83632
27499
19206
81788
58768
50554
68554
83857
90927
54011
44241
96061
54009
33224
29382
8816
19197
52260
26694
37928
63649
33627
13724
87103
74412
20860
10465
14224
37774
57371
84144
50838
60096
93663
50713
41010
17910
3033
80440
27947
35804
18140
56934
74497
11533
96385
42528
49639
70225
96723
95101
96490
90738
96902
70543
50005
13775
32103
7376
37907
40088
54330
46083
33556
69867
93402
35965
60346
82511
88371
90905
16163
71819
98746
2123
45509
76693
39226
75569
78026
78331
60825
43999
41050
62270
87653
60100
63193
23120
708
27235
85807
95657
42533
87858
81473
72056
23377
4630
18131
60420
82182
67128
81853
5817
78937
24671
91991
94778
25033
73312
74549
56533
29349
59575
79263
10331
5033
71286
82213
33302
72771
37225
81802
61135
5098
20506
29286
10888
20650
73452
53315
34595
57438
17606
96149
93696
62145
35232
83332
62982
68108
68415
98086
27396
52686
29273
66308
82957
8595
71142
67023
52091
22417
84828
87649
44957
85326
20717
719
58431
95384
81103
74128
51581
19996
39953
99095
11742
63426
85566
48185
69800
87953
19230
65193
4355
39139
54406
8449
75825
54197
46329
2293
49507
6429
1224
12178
72609
29957
51192
8370
41427
34513
24901
67597
87005
94287
46505
7399
12732
30178
54565
19530
23028
22956
97223
64137
3186
19635
83293
5817
30919
12268
24893
4233
49055
78810
24620
45152
18772
27775
26485
81785
12234
77196
6758
35286
63052
51633
78187
10068
92634
47006
95716
45647
99632
26798
79264
26551
9205
37086
8991
52974
46663
45374
77450
29159
9619
20667
18541
8195
69667
1352
88627
84957
3692
72779
7296
45832
16198
61936
1085
51553
41447
73225
13183
83913
16551
79246
4601
22257
99545
98068
35946
81685
18783
73510
35122
66860
99746
77598
25666
42384
33091
69991
40401
91281
58379
10759
41954
26852
19501
33432
10352
47268
36001
57438
11527
73438
32190
93537
12608
30372
16066
96284
8650
71598
65405
6941
66173
30181
37657
40436
46085
38599
36269
58700
18461
71455
32824
21902
25533
5791
37292
77749
2755
66112
87715
88677
45684
61345
61983
61684
34669
6208
64990
95294
26317
36806
61341
68803
25875
51438
44586
11772
89194
79065
87346
71753
10998
77300
38976
40071
40614
10288
68003
6816
93080
38317
93528
42537
83882
76728
61256
4828
68198
75973
5766
39876
73609
40975
32382
81655
10113
64021
96026
74094
61205
25520
88554
23689
78766
15962
77678
68383
22368
21911
21069
24381
38205
58174
2213
88000
43277
18804
84920
49147
90181
39758
43573
13220
73299
47469
98144
70023
44917
57321
29958
76592
14261
93908
45611
67560
49762
69839
63771
67919
99049
92873
82459
46286
54903
81384
1671
15435
38762
44382
38377
91309
79100
46879
83913
21447
81946
75333
50390
31296
17818
7655
23466
65047
91953
44476
10120
44296
12562
34653
38237
73438
55032
17001
50097
97308
57298
97287
58317
91914
45798
82708
31260
535
18944
38648
97492
67381
9995
24164
85613
74429
19448
32474
50100
91393
69407
17412
54333
10426
71264
57375
2872
4108
6144
64938
36276
62098
96781
86605
64148
84659
17016
58475
85498
35109
76394
22930
46102
53304
46984
42738
34301
88398
49040
63808
53989
22558
66900
58704
27901
39886
42953
47890
20650
88422
79836
27152
94390
54005
2371
35394
70600
23390
60015
954
57412
60973
46976
14990
14998
46476
71309
1028
63442
28526
23073
14473
55068
42336
10948
13718
95198
38077
58703
24262
41705
69126
37824
97075
55273
49242
28540
92097
50932
11590
72138
10910
28382
48085
6395
93016
75582
51909
43705
81424
68576
41924
84447
92124
65348
65362
72084
52054
43056
88653
40196
32522
64686
35753
59248
88286
23148
49900
59717
65756
17935
79212
50096
51852
56387
12163
86090
6982
35940
17932
38136
43288
94371
77278
55685
99781
84678
45700
31726
89910
77158
76485
49040
62279
71394
39615
46224
92629
88836
18109
69867
25681
92192
77949
63489
89364
91828
32595
35736
53185
79271
65101
16114
25123
50517
96907
38150
87407
80068
59466
3608
77447
18174
69807
88597
41449
30171
87817
80458
16772
65938
93461
18145
17830
48065
12454
51096
16422
13789
66320
7953
52082
9964
78540
10638
12056
60371
23916
11761
74486
1464
58816
12560
29370
14500
92419
7507
22385
89351
22039
59193
4010
52136
18963
87247
85810
46955
98283
77058
38062
45811
21728
73617
13747
51513
51525
67483
39633
59168
76541
81078
6254
76055
5972
15308
7121
80901
88775
3329
55645
4947
28711
27071
91750
7126
3942
99945
91000
91293
24828
65101
62088
46858
73699
28674
79736
85199
98812
77856
62975
24936
67873
63216
12810
40960
52939
27955
46164
3655
80125
4908
58179
94953
21412
33115
17100
94657
81866
6621
47570
51579
76482
48339
34339
11439
18990
59395
2356
77297
35572
21922
82088
10919
40354
30709
37073
65494
14261
50789
54187
75987
53781
87345
11168
19919
6921
67134
25445
40583
11573
85078
3332
92191
30285
11395
48453
19534
28876
1370
21970
93543
25598
68867
68083
58202
22820
47260
54598
90703
96041
51606
80395
31076
52433
71583
97798
89136
37171
14420
4518
51855
33950
61772
65723
50493
18590
89896
80633
28959
82255
17539
36617
12890
28819
60644
50388
84913
19262
52966
97099
59661
12536
34742
44542
59967
4683
72255
39758
58701
13596
59316
82362
14456
96852
70115
59593
63826
3143
17590
39612
32923
66626
25639
8448
78501
14988
67505
2257
91789
21195
12884
69874
84204
17321
44857
39319
99208
17230
5756
45810
46334
50138
21931
15362
22938
35176
22161
16038
58703
1050
86562
81770
1672
13354
64175
93034
86896
26293
66040
44979
37177
69997
47969
37506
712
89442
98158
97134
51995
30796
60385
46595
97387
71779
93277
82785
44695
10277
85509
43325
92826
51467
43554
90738
34633
31114
68202
70850
53146
51822
52422
72914
51189
60777
8632
76336
2169
84424
14649
33496
37018
25026
64042
27906
40665
39966
84383
29892
20076
81389
48338
76619
40784
22715
52152
85710
26443
57231
2873
69598
21239
27307
43988
172
78374
87470
95405
36609
63147
16940
80616
60270
95627
52013
6306
67800
87424
15647
50072
94666
46730
38310
50773
71756
3483
75803
32130
28474
8624
22922
49892
44938
81551
45051
12256
9710
81037
63870
49532
53195
44560
47773
66744
3135
773
88068
80991
88770
16408
84352
98286
10796
7158
8207
22867
82929
76533
72232
96688
2570
55340
66931
27985
40225
67047
35678
78718
50575
39757
96596
86762
23553
66114
96876
50106
98956
71565
47638
70982
15415
94811
43359
12066
24272
24635
39096
37779
73344
22184
29327
33177
8805
67182
46961
97854
77629
19788
26519
36087
65095
9349
30416
49013
19811
97589
74732
44681
10281
58101
23910
11363
28895
1249
81273
7759
11981
54864
3712
15589
27951
97899
5374
28391
10429
63419
77956
56371
19152
99022
72476
79168
45046
11550
5886
6065
64395
94345
92254
26682
49903
94414
27497
15243
98273
17963
4281
7555
85908
39202
85873
22765
16075
10929
8136
67196
3974
2024
38583
56392
19632
18360
25528
11259
85624
44742
66316
17345
95362
75207
43363
17635
62609
77029
65686
33536
70401
90131
30117
92465
59137
70401
70462
79950
13149
49711
63092
34117
3413
38690
2090
62370
55761
35861
7049
31542
68885
16237
29618
53531
51647
86936
12192
10701
95838
68237
60155
39045
45242
74599
96794
13843
71906
46118
97255
49231
47898
45578
98110
35913
81649
32199
13931
56672
73116
80993
61873
26747
69980
34144
64650
54164
60512
76586
40818
72201
58208
59761
84112
44911
89555
24047
88874
28813
41895
88247
90464
9643
38606
57818
83644
23307
18127
93705
71882
19447
73004
55520
37584
14845
6364
33407
69065
11098
9949
42630
53330
95320
5299
25053
91022
88137
61466
53198
46357
57602
43325
85118
14776
84869
90529
52230
88140
12162
50500
41343
36037
66807
4704
21371
99197
2688
22176
69266
38547
56147
54981
77775
18864
99265
34916
95143
4344
13553
66795
95506
61840
64928
47348
14280
76121
87886
40743
52715
24316
54133
45266
56903
60598
68605
6593
86523
90615
83927
25856
88334
65961
92199
14651
90209
2620
65550
66253
15510
49952
95385
47885
74587
45366
54993
79502
71108
19459
90424
45249
11311
61945
69460
44950
84413
10880
98077
17176
50259
92672
48393
4527
20416
87696
78461
29545
69641
50276
57138
11659
10571
21632
25232
2762
28930
6247
70679
11536
5605
89102
35484
67063
191
38677
14545
26389
96500
47249
30237
79328
4542
48373
15994
22838
1559
90857
27469
86891
66905
25447
9861
20831
62320
78765
34678
89678
36712
66697
16020
78165
40201
86541
11571
61156
57188
81329
4336
81738
73151
52071
33045
22392
20039
77809
7116
62198
5638
2394
1203
38073
78778
83787
44631
80157
79241
14652
4742
21426
3999
24867
89677
29802
31228
52072
39126
18001
36801
54837
65649
20229
86521
45731
13740
14833
92402
87469
792
84511
71648
72480
84039
34317
65493
77946
99387
56414
41909
31414
81915
42535
76586
82909
77738
48283
62394
3242
91163
67966
38683
89114
25396
50800
36744
80974
51551
33047
70047
29797
87755
91771
13859
20231
49777
31519
40827
55359
64309
53282
52685
82712
76091
5387
72922
23114
43642
3611
67992
65456
52438
89159
96306
32826
45828
82534
47083
33239
97572
84519
26394
66339
86366
12112
43658
90144
28675
56355
33131
46219
7456
7035
38933
37880
15281
55970
13022
20009
77878
13630
37331
47940
65054
4591
77358
98595
95464
81033
74403
67243
84435
7588
57786
79789
26887
86345
96346
63979
61729
82778
94438
87287
70479
21772
57999
45403
50226
58425
17544
89857
69511
27074
55361
83942
47187
78454
1284
81775
34754
45062
94679
47641
81951
65887
61784
99868
49248
59143
10993
28936
59624
49043
58280
95099
19191
50044
77460
43282
46591
31955
48369
37039
63489
84546
97732
57360
52227
73844
32602
48432
85060
14570
29225
16666
88099
46796
5336
4592
59988
58131
96155
91083
47431
88608
30233
20467
68794
60261
64750
97143
994
58002
35183
2799
96693
57639
84152
97405
68155
4423
47641
75403
26541
62561
43875
45053
19818
41613
7000
72395
44708
72867
83293
88460
35799
57286
89607
74880
54312
77264
88566
91966
9094
35458
47438
27057
79387
26426
19973
30459
62643
7930
36437
55565
10490
20751
64541
84870
44732
85179
649
27180
53260
92354
52434
28126
74708
46723
66999
39407
68032
9271
43092
90890
15856
55675
66308
91082
15123
16817
65666
93392
21640
76541
9751
36777
36430
27728
77970
15048
92744
4736
30147
69133
76615
61385
38705
16740
83023
19311
52349
32663
59426
80565
62426
53371
64838
45547
39708
54814
54443
73459
69747
27915
19513
7257
5540
76718
82603
15657
91695
46980
68753
51951
46662
63295
79124
73959
14274
54471
16969
49568
8058
95811
64468
33002
33965
41074
14115
56379
71939
90883
88019
23155
60604
19284
34989
2232
49619
69358
55844
61986
34136
67366
27615
5368
63910
7475
33902
99130
74247
90879
31272
85237
37845
4874
65401
73935
63446
86510
73291
64465
62603
26223
43718
812
58961
45597
91346
27378
28306
76891
24339
44916
98626
54982
15431
40691
68196
59099
69091
26489
7171
14984
82131
81059
59610
2782
85310
55730
53883
61053
38785
63109
96066
91378
99383
7912
23648
26803
46407
18312
16129
6524
70823
97356
66540
86356
86610
82862
89442
24709
5739
4347
17418
46802
57294
47619
44092
62658
41201
56178
60287
35615
73494
67253
38106
61229
48850
7247
55599
7519
17043
41392
12692
50778
10360
646
44160
84775
14519
73254
16171
2447
66287
29174
55313
34438
45690
49263
34084
51763
63820
60989
85601
90228
58025
80513
33030
3569
59250
5310
37505
79363
27263
81923
7665
64347
91654
66640
36442
56647
3458
59316
48138
67946
40007
57840
69328
44319
11940
3667
15539
99586
73162
3835
43698
56053
55791
22463
92753
29846
67616
40590
25525
9209
35748
36807
75184
84363
21509
90966
42783
79050
12821
77437
48305
4503
12851
17654
50221
184
11185
88710
91629
55582
89770
37919
6200
23427
38225
51611
8555
69191
73886
6595
89030
62867
33791
38929
32198
3200
82656
84964
22810
20974
60884
36489
86764
95725
55530
39194
43202
38136
72242
92569
18660
78906
48961
69943
19438
97829
30606
51757
46138
69897
82410
73592
5164
6225
88406
85437
70711
73921
85456
47020
17528
26221
65899
70654
94698
53281
51155
10475
67896
99030
8408
70418
96948
81317
87934
10124
13905
63848
19490
34368
72593
30899
38825
52913
38563
87292
31325
80538
7318
70092
68482
69280
52679
25221
75040
92439
13007
78307
75245
66157
46673
20131
83860
47108
61488
11991
76643
23846
18290
78282
71532
6863
54430
51087
74427
86629
87395
12985
32090
7405
21956
70616
3156
97804
30547
39128
17738
71727
6276
95495
97116
35598
88603
53333
87695
52461
47039
91717
91425
26572
10648
7478
62247
29036
98560
61619
14849
1592
50793
88410
5043
21
46216
67839
44200
76056
16975
86055
16560
22360
94252
4916
17570
22795
81165
35933
18259
1097
63392
21966
39590
95678
21560
5518
96757
14477
8369
74119
99244
68927
24278
16146
20933
17866
90451
97095
89382
20764
9132
11638
35486
60983
75156
69064
32319
5732
89908
39452
47870
62626
43359
13752
38199
28827
48820
9365
78460
40697
71081
29722
67687
42855
86811
47633
98082
78105
83982
99704
32344
84070
46551
97495
91964
51754
86479
78606
20522
52495
73198
91024
24569
68917
26249
36617
25568
10525
77946
92106
69045
81086
18634
48684
49682
79409
43950
92631
74172
27523
70982
54213
21749
90204
7107
63800
16075
45864
21788
86445
42347
70213
88843
25964
67499
80056
5153
98770
16606
50193
22064
87556
158
91876
30658
51258
65435
97866
47812
12554
7803
93848
4434
92999
81513
18984
69275
34365
61809
62448
20542
79703
88737
91501
49758
98832
92242
92669
81185
69625
74256
45179
76025
23979
5458
83425
54054
29873
59545
55849
98364
18208
98051
9233
78641
48498
65778
95844
44451
48514
10781
70787
36961
54157
29650
42360
98819
8657
42118
31825
59015
72766
16681
78186
38297
62623
17823
80455
87540
98087
64929
39401
74819
5959
64083
2334
81652
79503
12859
1259
33053
96398
48218
32671
58844
3468
8218
21867
94329
63097
84606
45397
87754
27720
96834
25598
1526
19864
70935
16018
30675
85323
8303
46363
83584
71379
95968
31001
90073
27315
60708
19315
95798
40858
98771
62616
24547
84010
19342
34829
54405
95955
86125
24442
13481
19532
51646
47099
9124
38485
808
61787
8568
96841
70583
47730
88095
1854
49086
87464
7500
77216
31794
67013
2388
65291
49599
46896
28948
34218
1050
17516
521
36106
61613
34719
99197
83860
32882
64052
19732
48868
21876
51588
26507
98921
10747
98956
70274
51041
74521
22693
34923
31878
27328
77188
64161
19112
22054
48190
69933
4750
18151
74906
37434
83292
61265
72461
35228
35864
48532
4234
68971
85034
67731
58631
55339
80206
40506
3467
54543
50642
76621
77906
59697
78357
82592
68643
8778
84424
70558
80085
61806
84692
94118
14982
30717
46970
14153
43215
37655
38285
63728
34410
2509
70286
53721
49889
64147
68696
21848
83955
78606
18586
93646
19290
28129
40244
15209
59077
699
92622
63683
50803
65305
68446
42428
84279
90915
52749
27914
8369
66052
97290
65812
16258
86913
42210
75397
89410
24635
32703
4496
40081
62576
86603
1479
43220
91046
74828
86852
90473
31760
55076
42515
45033
74602
12925
69105
34062
27858
69441
58973
11397
40782
13478
17902
81315
52773
77387
32377
85919
64846
25798
34441
67996
88126
23601
88226
78702
66967
99207
93233
16087
65896
37440
76609
10976
54775
20779
41656
73987
73105
41334
61552
55193
73729
93098
99299
49098
68700
20164
90446
13658
42450
933
25626
5961
20634
74519
56907
51000
24699
90402
67095
28650
76208
42885
45500
3341
36869
6926
26540
31994
35731
58390
12813
23512
64246
79247
94266
95027
24302
39128
10002
46803
8760
79575
73637
64963
11814
70647
90341
80256
63872
90655
49287
82702
74239
32901
78985
30844
47597
95957
12228
61773
93624
58452
77926
84060
88119
2114
41715
41387
80252
61879
26697
85571
80400
20292
19889
96633
69248
80537
91527
66221
16585
46283
68122
45076
9102
30111
49272
31344
262
63422
47430
28344
26899
48228
53179
50308
1648
89576
76844
9699
28932
48953
3
1993
63957
63716
2301
53947
13011
82352
61596
67060
4430
46007
45188
47340
90330
32850
74958
58007
52841
10370
41125
16830
14448
98352
58671
32172
67112
69581
94984
79671
3692
81827
37289
67631
46279
66128
81118
45385
27809
95325
18332
17909
1826
80370
23914
80892
3040
5839
59977
68798
14618
18836
56857
18561
7828
83173
87544
65605
5044
70129
86834
43430
87367
81924
63367
22602
8717
77556
1060
24201
51731
29572
30198
57516
92037
23215
15003
34077
74438
77779
29132
61273
9603
26185
65052
84855
24970
18727
59802
63106
78583
15513
40340
57679
8490
74902
30541
19901
17003
1312
72174
25483
4778
35776
17066
85045
88638
99340
26524
84613
68169
53467
91166
27265
40997
25561
33827
61182
16871
78512
97632
89989
17753
37953
45617
36218
89232
72518
49026
17135
92673
95102
17074
73126
5605
3648
56494
73826
9118
80007
96216
25629
92203
75188
94936
25116
24346
13075
16682
82929
41075
69359
3029
38490
3679
82184
7730
66824
90158
80847
95813
16120
50314
9389
91940
73067
36392
18040
21660
37349
69066
60000
52064
36864
82295
72003
97786
42564
43017
20500
11872
76156
55835
66097
76060
23313
92072
78583
69446
23420
95918
89669
83667
28270
84193
80096
75314
82814
83248
21869
88723
6305
91415
79333
13863
81074
17295
66164
56195
31676
84398
65165
23807
69657
68975
19656
60284
84217
33328
68627
80994
57809
48594
98239
41431
79396
76332
23793
52671
2199
96688
14972
59316
21148
31777
5566
84741
76502
52234
94985
6018
25908
22388
37769
39021
30752
65862
14010
59295
64536
19811
91096
49485
14621
40874
30914
57711
93175
37901
34466
4742
93501
13493
53996
34988
69426
5848
2659
37880
63408
34915
83781
31983
38343
62608
55086
35420
10825
59218
10678
13534
62322
64498
88135
82387
5591
65487
44695
80273
862
47855
91565
38600
17767
90243
12516
12414
68391
2781
69595
24904
63203
76129
95886
29620
36029
59113
11141
52012
85788
95493
46886
33957
27223
20932
42420
29003
25358
71608
29396
3939
61153
22385
37018
15553
43349
45180
14216
48100
50092
42671
67029
8043
89622
85773
50330
86192
68612
58514
46357
46478
54345
92683
94485
5368
968
57608
11377
96835
47823
83512
87056
96783
73384
65656
63751
40818
39111
80332
86270
90848
44897
63041
1919
43117
28464
38842
44334
41449
70601
56227
60391
66843
25251
82918
49593
68470
27900
31649
14584
85741
33803
17380
277
66579
55614
70246
34659
23966
22022
9512
47081
88279
72243
55508
1580
91304
90763
51367
76904
62126
13274
69927
26233
91596
23121
20212
71532
90466
16062
95281
12918
7461
65748
529
57045
27516
62764
35340
87502
58218
4183
20368
19427
61089
9145
72111
94600
69742
81337
58289
77706
76532
54745
52458
72467
63875
91147
8681
43458
35401
98714
44192
7903
26741
96594
39620
22531
71713
98463
74064
28539
55422
63865
18685
57943
92905
50500
65144
82450
51009
25612
1789
9129
57773
17574
36385
52716
13290
28062
93169
36368
54082
91881
52101
59504
59990
12465
92685
64494
69525
49580
22886
71278
7272
29749
22283
12666
36059
94514
79561
13375
26003
26230
92448
9788
96924
35063
50129
9166
60208
86903
9241
43651
5294
37695
74456
63541
11763
59181
97953
80439
57814
649
12925
1428
2725
30511
1856
28023
95290
23719
16657
18775
48500
79793
10365
27852
99433
42312
62580
24926
62335
83518
4285
82621
40339
79235
65984
69576
55292
58742
903
76877
96561
99121
55560
25353
13304
91019
7063
66412
33207
22106
13876
36489
70246
90465
95150
25500
27330
46604
64107
69451
96601
73026
18104
74295
96364
30304
61089
23490
64526
32279
72730
36547
22815
39779
22213
49378
24233
85012
14547
8413
35249
96167
91718
40229
69642
67796
12374
49873
84084
40484
42246
8688
94635
31451
80276
23535
81017
81264
28989
83000
29930
83572
1885
928
49375
77328
13673
30467
68252
45772
1267
42318
32056
55694
34202
434
81307
77874
4653
28567
17929
11215
39405
24042
90032
64042
41912
91364
59502
98678
68361
42968
56022
31547
78482
51676
94281
90790
90853
92313
54122
81907
81621
38312
39216
99928
76632
38940
97249
79842
42227
3142
76611
421
65070
18714
44167
77842
10895
85333
35416
22309
70964
69573
77410
58298
86295
508
77211
82526
6152
90517
87020
12339
74445
36022
29593
1093
84826
90104
87410
2972
94114
79660
56451
65218
66356
55601
66477
59767
7509
16438
79895
5520
56897
31813
10942
12048
60901
80917
13633
76123
61728
14723
73689
51710
16121
64271
25976
29048
89121
43073
93016
20790
97923
32444
28194
91304
13122
12192
91942
30693
34031
17444
75016
89714
10621
81500
55442
42631
25079
17545
40191
3908
76471
11286
41243
79391
5970
4741
49096
2085
29624
37428
70646
64435
23421
59104
7597
24453
3618
19638
98926
48709
88975
82939
42092
44284
39706
83975
41088
34621
8829
83344
3968
71575
2882
89108
44319
86636
91200
48802
85333
8380
63095
89857
1069
96602
46797
10581
66292
51516
73902
30988
39012
5441
18619
91482
14932
93532
69194
96958
39685
21995
63652
14474
93255
46279
33460
99071
61552
34312
14785
20961
33252
54816
34304
90545
85613
99118
81870
45489
97487
29124
17682
89571
60719
77841
44332
98527
52956
11399
74176
50787
17442
94241
9117
63338
44728
48620
96601
54789
63142
47726
49028
31980
36731
52941
97735
84196
71137
28073
5869
15813
11661
23704
99471
10560
4313
74080
53755
15414
1947
34932
46114
50153
60136
63998
3518
39011
45698
70965
45816
36992
2516
27081
82347
49760
80095
85702
52840
7777
80105
60135
27390
24882
5530
58362
39125
93737
94770
98556
59025
70647
94865
81187
52841
28209
1611
98875
71844
72733
49422
58724
38498
171
82256
68877
13296
84580
41357
49710
30464
18610
21240
45978
35308
41811
7542
21232
44622
1773
24872
9781
44240
47141
11940
75168
42127
21329
74239
54137
48149
81220
13857
80106
58354
21381
21637
27218
42625
36653
45066
54544
52380
45059
68092
40414
49407
48886
45878
11029
20667
80379
54253
70070
47860
39641
14483
91356
88231
7087
26749
91967
10340
87219
1561
49244
4752
41133
87623
13927
20174
80323
78606
7968
56707
70328
57401
99181
79049
71525
25761
93240
75450
63210
33470
67770
26967
43787
32246
18713
6897
30281
38987
35537
9903
53098
44203
65160
43498
18848
35661
8273
61262
31951
90855
40343
1772
46284
13363
77532
82239
15302
12307
16705
81326
33509
16516
47130
53748
33791
22276
60965
8887
68910
7030
89893
41336
43068
98065
3608
26124
92240
55682
60201
35863
17487
31977
43499
72355
93127
65997
80683
30423
54713
36473
91595
17974
22281
54211
76394
36582
97072
11412
9707
96571
74696
99386
92352
24921
962
99007
58704
48219
9754
51407
89999
59619
52105
80842
63838
1531
73016
74775
60621
67794
41593
30541
54173
32436
15434
71918
19054
88857
21670
67026
29051
80828
45975
63630
61167
18101
39625
18578
71393
94119
7292
32464
20669
3306
46474
31975
65868
41439
90372
74862
63565
22297
50791
41913
54977
44154
45212
59915
9486
29043
79952
69846
26548
42728
22355
9171
13644
88475
19674
45737
61906
54438
3382
66501
60501
9129
9872
50867
85962
83459
6050
77615
98484
46807
3461
6754
30036
4061
8652
17013
72889
79709
9092
42350
14166
37445
5915
77940
80950
37302
18330
77392
21765
44635
12956
9126
18915
84289
81412
45847
34281
94344
73952
26026
22992
2337
71362
79740
39266
15601
79134
9583
79822
2660
72847
82196
45345
61031
52334
23055
3213
31931
69917
48660
65129
28658
55849
53849
33850
94334
87838
45747
22649
62805
82731
78544
5756
83066
19357
11829
66083
26175
38673
65349
58168
8747
97569
19104
71787
30760
63781
57883
31955
58356
42633
2349
24427
25292
60896
94334
46487
17512
45889
44932
27762
33387
86933
17017
19928
94302
76439
62279
41674
40505
56972
77038
93257
4568
90492
56382
31088
36745
82062
3090
30553
29955
13791
64293
20171
80382
54117
80464
22169
25023
65341
48571
80285
93741
37586
24780
21813
80552
99175
77484
54321
1501
16209
91450
1384
65595
9091
19859
34800
4514
63245
9742
35449
42799
14379
97807
19595
22640
96846
39546
40185
95975
40109
16650
75164
8400
96752
99516
66981
65711
34568
50536
37570
4577
48769
29051
13746
22341
62908
54575
71290
34258
45663
17654
61777
55598
13121
37486
79362
39779
5185
99173
83705
59628
37299
58345
61392
99558
16286
92983
68842
9575
52877
69089
69945
12709
72171
30871
94030
85327
84060
97253
59731
42270
68256
5926
50311
22455
54872
19565
95279
59266
20154
27201
60525
35395
66830
77941
67278
90423
67659
14187
6055
69925
85732
61714
81381
76574
47708
49068
83427
82249
43455
94034
55718
7931
39441
41434
91371
31373
8033
38936
44686
96721
97704
9576
89421
25675
8563
34550
45878
94229
63593
3606
17668
69873
91198
89806
56538
6542
24545
73737
74746
5804
36137
13029
15810
26119
71483
52594
95954
25396
86570
35905
82389
28722
69500
9334
72220
76156
72293
55705
68011
13158
3190
89197
18656
39849
76366
85844
16732
49634
84896
84829
6828
34296
64190
38882
60583
84674
93765
63301
54192
55968
38596
20482
7659
27688
21216
88945
373
81864
17585
80381
34248
68839
5726
61587
2613
46940
94373
75961
49753
85638
35861
46319
40499
1740
29076
48093
64531
30618
48750
87545
82390
8991
1512
12042
74562
82708
81537
90967
18632
87420
85471
34868
32048
4515
50580
37988
28569
2603
36268
13642
90301
17804
13548
68554
20107
92276
79982
5919
98611
73123
24414
69754
33113
30040
97990
25257
67327
93683
87025
19905
65403
3405
57329
62333
166
992
14270
35984
51159
91088
19523
61928
94350
35108
97244
64586
95443
32957
91935
82285
2725
75617
92356
45509
63005
15717
1755
2008
6524
25323
70661
34885
15578
16362
48238
86895
60474
51214
68388
19114
78006
43997
54760
7522
53599
62486
75403
98004
32796
33403
29814
34369
1748
4739
17180
89785
11049
11820
99327
84449
99237
12261
29460
25836
20427
84638
46350
77988
86869
10348
4111
44228
64569
72821
4279
58728
20857
84833
91909
519
40313
3750
69212
73120
95508
36291
33137
10838
99182
58453
75845
48654
51887
83938
19876
65744
14537
28923
87095
68961
16136
97415
11135
22447
29291
85586
69799
28927
459
58452
68928
26216
19910
98808
44135
95487
43049
56339
30327
84135
51500
35511
78806
28416
34502
55457
92341
80631
52944
38535
44190
91933
97738
22948
84383
42897
92615
46764
43828
9922
66492
4209
10379
40729
89524
49629
28744
53078
39802
24389
22694
58198
98596
2959
17460
80624
18609
82718
87944
73834
93245
89168
75982
61924
14261
76994
28478
96961
14424
1238
2871
96284
12510
20405
17643
47290
25132
38076
38891
84872
26712
39262
40828
28555
15840
85992
93337
94778
5488
3758
24288
9896
58819
69994
16676
77324
28227
48454
26468
12530
21151
31782
38654
38564
21517
26409
45687
78190
85315
70169
55492
80533
43827
3072
47121
53983
48339
47427
46083
28269
83656
33699
91473
10666
76950
92975
37464
42516
3728
40319
19063
76677
11608
26361
63721
94929
607
2263
7037
89430
40304
15147
9463
35318
48265
43754
66068
55747
22872
62693
28984
80799
2370
98198
28873
87452
40309
27988
61614
28542
88945
3171
74462
44996
51106
78814
68924
17466
39351
52191
53375
46076
40390
56653
87964
68509
24236
56155
62400
33195
26906
81717
19643
41034
11335
38263
74307
13409
97488
76268
54620
72619
40648
78494
485
37133
40685
64466
84211
69450
74830
48602
16396
70680
9318
82907
40409
45717
10234
60363
63216
84153
65587
28419
1635
7227
83527
33427
33660
12842
4507
55515
19977
63082
97571
80755
5427
61895
56167
50830
27824
59769
71943
92949
58364
78303
65320
48963
31716
28427
97854
28589
3174
37124
13052
70467
7031
12229
76859
93257
53605
7257
30805
71369
64942
19315
28625
53314
73109
28562
77480
78514
89549
59403
32538
3446
12210
72638
70054
23332
41907
34564
1710
5233
14988
75918
52340
82852
50030
27104
73723
93197
85036
62910
97224
20567
28963
574
28006
39049
49678
12006
75853
3153
50947
19340
39040
43770
4586
9605
58256
34393
42175
53526
51350
19041
5547
25572
56380
89024
66974
45772
3283
46005
54839
84282
93477
26639
62179
11971
74483
11636
44632
31004
73654
29901
58711
98556
54285
95648
36877
8569
78266
40425
68847
39330
51022
31509
11559
78183
15019
3391
44193
38981
72075
3906
8722
29848
48314
66665
25862
12400
81591
92615
35122
46620
89761
11170
79872
21449
60330
6991
71286
60732
52146
58405
67505
62858
77158
15509
33259
61967
15079
83995
96951
71092
67443
5650
58929
69747
21178
28863
50241
87620
69785
24476
26977
85650
5303
22226
49568
39852
51637
90110
17853
8028
32104
83460
86834
13669
36400
45863
52689
32805
33405
63894
97321
97596
95663
64029
79177
84110
52240
10124
270
31466
56749
83666
90947
27669
31427
81855
57555
54931
65940
93407
10330
24968
66142
88923
38987
83982
18815
45260
33347
75314
76173
17435
54215
5890
27155
29381
89987
41273
43049
65457
87611
41512
89839
86386
51279
48437
92512
59164
82241
54545
88308
97758
66865
39998
53564
72352
31453
6740
25042
95194
65295
6980
76776
24955
55293
39313
29451
85056
514
2046
91867
16282
11881
482
5795
68817
35128
79755
37643
90549
91469
59650
63018
78802
87006
78414
50570
14216
52326
54802
97927
83246
16231
47855
162
80631
64736
64883
31093
11965
18986
7455
58650
80195
62677
72025
85877
66383
34203
84746
37224
51698
69096
34492
3724
5644
43962
97974
37949
76878
88743
15234
32730
45711
4118
8621
51
64026
319
25164
4081
70244
48662
25678
71563
84013
1000
82823
16125
14980
92537
84187
80013
67579
17578
46229
14149
81738
44130
94518
36668
66761
26934
54214
23222
3752
74725
12938
76076
54055
71974
21850
66063
9039
80665
66979
3035
43418
62929
19710
4643
61138
81849
22968
84341
4555
35221
65151
28133
57889
94471
18312
19895
5801
88495
37319
43310
94448
2455
67810
9288
88062
6747
62069
43006
70686
18123
70974
86914
50599
43194
70731
18809
24420
89874
75530
84912
3965
69872
18666
68531
9574
84804
18187
59584
53661
1955
60262
20544
43345
23668
8586
40962
95118
10421
16581
54391
19779
79961
13654
86431
64246
78236
77534
14694
23739
99502
95475
15926
12964
52407
39344
24575
83789
99279
99714
3257
88559
2485
89345
68731
57861
50430
43569
26930
34607
29769
23691
13998
73293
21138
65132
24004
56217
32234
4284
31337
7270
3492
35844
54158
6479
44335
7579
90937
84324
84010
57172
95838
10707
13324
65831
17294
90616
44923
28570
13816
34667
50604
80087
93970
75811
81477
42633
91826
87274
15340
68358
51555
94995
68376
95986
85067
66640
35186
62251
13526
42851
52631
42605
50596
72596
27852
3290
59968
55306
47837
33387
11294
3664
90467
96669
56666
23405
41873
78347
25002
1702
15752
3662
68984
15652
5617
843
42330
17337
80764
50654
55430
82671
15043
70965
82036
7998
29490
21374
47958
78186
82664
36519
39437
81953
57063
47890
4528
71707
39320
61661
24767
56839
37249
11824
27098
48968
73621
34943
66978
27009
60959
42630
74541
97183
77956
28623
88620
19501
14633
48667
93915
20499
30388
46815
19037
79233
64225
87031
58589
57727
96315
70623
78017
19103
25887
98591
45421
3219
43867
33068
34377
94546
54395
20948
17226
40034
61977
42253
3996
28439
59270
85026
57074
90652
67745
4268
26450
90434
92787
47864
84742
86589
76354
9251
30694
90336
64613
55438
71296
79365
83201
85401
75634
81564
14290
99368
66103
9439
29588
79002
17255
21971
83034
30149
98457
11288
13549
87364
51357
21619
72140
54987
10432
96002
48325
47787
18192
45144
90254
26890
75420
6539
70957
24631
45238
73869
9391
75509
76362
68377
38164
17011
60845
13784
30609
62771
3555
46204
10794
19406
76787
77248
4080
49677
7225
28214
74968
79631
33239
66502
81176
20958
19185
2698
3582
10715
51014
58403
84911
24588
1896
38040
11002
82980
83454
55128
94142
96648
65393
85554
44231
71987
34350
70847
50103
98172
2458
21280
17406
17023
98900
29760
42269
9859
87200
17205
97825
58146
10201
19893
11756
45152
61293
86206
17509
38746
66246
21100
66223
52096
34071
78320
14238
47685
22270
9189
86608
48337
52595
5410
8256
29734
40997
67887
25687
72136
95770
1143
95780
66248
57302
35995
86446
45499
73797
99079
10694
48144
53338
11356
31925
81358
55056
65309
82951
20580
15521
94583
87588
78011
30597
49488
5551
4791
11636
82022
4154
93405
60518
45372
42975
65103
25319
99974
94793
98076
91873
68739
73888
23191
98494
38464
94998
41238
73484
26898
74677
75687
84935
5107
56614
1187
13554
17769
35650
7814
30444
81654
33862
91774
94924
17289
87625
7966
68380
66822
56038
55082
70516
84875
28706
46782
20694
64397
79516
92132
54489
64312
31307
84738
7345
28467
8469
55411
88757
41788
51548
7550
64323
86978
67631
10219
34876
82114
28266
81205
50838
87032
72857
6661
70859
19595
5171
60
76401
9832
80492
49157
38252
43518
53324
66131
50346
49123
84428
66457
8820
32214
19208
26592
15274
48487
90758
83537
17243
18486
11905
38580
36131
98311
41293
67457
91455
24646
13879
87750
23296
8408
79009
